-1.609103969015740265e+00 -2.498000996318186395e+00 2.766481304312446918e-02 6.527812957802332783e-02 -1.331109989530611208e-02 -7.307277986532435821e-02 -1.340947799378741992e-02 -3.209608422993285443e-02 -2.132326478742029366e-02 -7.689406343490945081e-03 3.911147892653692518e-03 2.023662017665985122e-04 -2.783220030587172430e-03 5.796852533227417207e-04 -1.896797402590721937e-02 -3.881831140296458562e-03 5.754567813121566101e-03 7.919353549258170699e-03 1.098716953875936500e-02 -5.201169796802440279e-03 -3.905752109622723841e-03
-1.599395543346019410e+00 -2.482630366004950684e+00 2.753809360773285669e-02 6.296269182205058157e-02 -1.401689844011758113e-02 -7.323790899530110976e-02 -1.378677260041121996e-02 -3.339984397522477444e-02 -2.321429143445543491e-02 -1.121649352437329751e-02 3.324994741892329207e-03 1.823983353171308437e-04 -2.789057324010948882e-03 1.114200969744085249e-03 -1.736301167529045314e-02 -2.316593140540436531e-03 6.260911055863549977e-03 7.558902564401486640e-03 1.123381798742359439e-02 -5.690296737346611788e-03 -4.238587167666860687e-03
-1.596936633287745710e+00 -2.478138549774897115e+00 2.732138072150711028e-02 6.128286055058555781e-02 -1.474781295412756765e-02 -7.319056198699397386e-02 -1.413954625136009356e-02 -3.453942634334652290e-02 -2.437497503910531979e-02 -1.441068075438489693e-02 3.393414163388834993e-03 5.683597702779842435e-04 -2.794631478191238888e-03 1.312764496586080317e-03 -1.492061251419266737e-02 -1.101891273997228794e-03 6.794217491538783599e-03 7.157318337533368630e-03 1.150699897581793085e-02 -6.535528782309717524e-03 -5.301875223510200963e-03
-1.593741715572390305e+00 -2.474337541862970280e+00 2.731896710730461614e-02 6.232454162649458257e-02 -1.541188907631933086e-02 -7.294314424062041391e-02 -1.395051330283826260e-02 -3.344604359567780044e-02 -2.478439269954705801e-02 -1.742013512570077249e-02 2.521110658256207372e-03 1.579030003063897156e-04 -3.148671192766813384e-03 9.423124702379576762e-04 -1.387138170698598919e-02 -1.382659256667633819e-03 7.099954605679364636e-03 6.508239548618237509e-03 1.228051219096640972e-02 -6.700584442951284039e-03 -5.456341622178918598e-03
-1.589823394269113566e+00 -2.467969708562151254e+00 2.702709176310754552e-02 6.140483878189222089e-02 -1.613512190915306760e-02 -7.379935441292304055e-02 -1.428401855129968201e-02 -3.347649090262196092e-02 -2.547921840486970860e-02 -1.854206365518678429e-02 1.705308423745567929e-03 1.315128976603445997e-04 -3.366969730606741810e-03 8.715918504928459737e-04 -1.299891804916337990e-02 -9.704835104814614217e-04 6.580362866446308120e-03 6.077632924559324412e-03 1.251384453597645212e-02 -6.406945688112921505e-03 -5.948140062969925479e-03
-1.586604018199661681e+00 -2.462685974224542385e+00 2.681571132295879761e-02 6.201344504071479302e-02 -1.641605717217490407e-02 -7.389001601137895614e-02 -1.407504790978657098e-02 -3.340232120631821122e-02 -2.618118914636831038e-02 -1.972461368587141370e-02 1.805424015282049415e-03 8.548994954395609878e-05 -3.100844506876131949e-03 8.540231411338266090e-04 -1.302885212103524655e-02 -2.082772087096756986e-03 5.950095473394055590e-03 4.904174686655451976e-03 1.240615092713288729e-02 -6.346911495853115731e-03 -5.060742890247175475e-03
-1.584401797281044466e+00 -2.459851819857301614e+00 2.702372126205992986e-02 6.307972440323234009e-02 -1.683255192944000875e-02 -7.391318103233318615e-02 -1.433345050910137322e-02 -3.432376247018594645e-02 -2.683524281705152240e-02 -2.109112005980984944e-02 2.294302362977500287e-03 8.217754522526094516e-05 -2.759046776894169464e-03 1.116895173029392807e-03 -1.165163163321305401e-02 -2.719727198863273847e-03 5.833258912746313446e-03 4.350799233674022652e-03 1.159044161794014344e-02 -6.206009283437277299e-03 -4.737905779432413297e-03
-1.583733765509943714e+00 -2.459277704255048214e+00 2.720083336553367342e-02 6.250124913252193271e-02 -1.717726522647487417e-02 -7.413392770438169410e-02 -1.415974436042236571e-02 -3.438501164842324570e-02 -2.695424423070639369e-02 -2.143626128187577085e-02 2.702622119174496670e-03 -2.524706928451298199e-04 -2.701369151777364887e-03 9.918253831317661116e-04 -1.230213391878288813e-02 -1.238853816776668264e-03 6.449499755610028570e-03 4.472798529883829574e-03 1.312372781432231440e-02 -6.296465582638165366e-03 -5.967644975642852345e-03
-1.583681375002250702e+00 -2.458345065408703789e+00 2.662226346805647570e-02 6.082595916727658730e-02 -1.730305636157363630e-02 -7.422662218451822613e-02 -1.428414530122357369e-02 -3.529200792224811145e-02 -2.784920004234149940e-02 -2.226714320829772248e-02 2.918624376753034891e-03 -5.288334352256003883e-04 -2.473882011430356392e-03 1.226644205063775030e-03 -1.182558145957251367e-02 -1.466621436375934720e-03 6.724600830350729863e-03 4.672980942944866475e-03 1.348949862498059066e-02 -6.206467125301379749e-03 -5.833824237722454176e-03
-1.582396063106973116e+00 -2.456270177582724479e+00 2.670340794864979606e-02 5.963207383366631031e-02 -1.745920483127472861e-02 -7.387513424164655895e-02 -1.397573708720932506e-02 -3.522717710285062226e-02 -2.822749388144561722e-02 -2.387944461561050322e-02 3.480676711574614592e-03 3.278271962593158639e-04 -2.593218796002237647e-03 1.300159386228895821e-03 -1.193895152127004249e-02 -9.253785332995111352e-04 6.739872058997686127e-03 4.949072279742693960e-03 1.488524902126637205e-02 -5.877984379432979120e-03 -5.396634908901918985e-03
-1.581264017090946217e+00 -2.454667941165929346e+00 2.709946769842178083e-02 5.922318083170467068e-02 -1.760181380294216155e-02 -7.377733727980607947e-02 -1.415552915405183729e-02 -3.601368666664101631e-02 -2.861843223465869446e-02 -2.484850083960921108e-02 3.223338609855129142e-03 -2.600065831019429956e-04 -3.089683414418371767e-03 1.700843978366665520e-03 -1.193423092367398332e-02 1.081153519358765691e-03 7.983169207658891847e-03 5.149098738686806558e-03 1.550779796955736520e-02 -6.630341742917242147e-03 -7.166115102056577410e-03
-1.578393900958623641e+00 -2.449494995303836298e+00 2.704152619997426260e-02 5.660808933567004764e-02 -1.762473296050720215e-02 -7.355475555487496486e-02 -1.465356961176257286e-02 -3.668340855529836353e-02 -3.001120773804765232e-02 -2.661015434934686438e-02 2.994910411712986987e-03 -1.697724316924732182e-04 -3.520683327741975632e-03 1.846109701164621014e-03 -1.166667293274476630e-02 2.838314774210720041e-03 8.560648751340722840e-03 5.757430131079129335e-03 1.565832315926317386e-02 -6.648037288449338070e-03 -7.563751200813157403e-03
-1.577790896868518811e+00 -2.448618624827368251e+00 2.687636155405394300e-02 5.634985246260289932e-02 -1.782222741465379692e-02 -7.416009375120484470e-02 -1.494704817490872910e-02 -3.722474580705280311e-02 -2.951760145794630336e-02 -2.588256727915975997e-02 2.626724999043927866e-03 -3.372868193670018827e-04 -3.448134207644152141e-03 2.025600823685400498e-03 -1.174558210378482889e-02 2.503087526137631486e-03 8.746635674131536184e-03 5.714258330940336604e-03 1.643036222822766290e-02 -6.516301231185548520e-03 -7.054626196779469061e-03
-1.575763667185505756e+00 -2.445418595358898717e+00 2.703441255594096065e-02 5.670035746553191841e-02 -1.785452404929119968e-02 -7.451040381442654292e-02 -1.490240028574334706e-02 -3.588316914077872843e-02 -2.880288371563623911e-02 -2.598783570843567897e-02 1.896070826526535932e-03 1.483122335538039540e-05 -3.525364934005321017e-03 1.588957116976487957e-03 -1.201764382622290926e-02 2.698347339343113317e-03 8.159078548740537548e-03 5.831080601496169483e-03 1.624308973129574493e-02 -6.385617281961872803e-03 -6.811306118672834191e-03
-1.572889525875471373e+00 -2.441804841517576374e+00 2.673216377872871322e-02 5.750970679759027232e-02 -1.785684422614741348e-02 -7.374787292364341773e-02 -1.412933199257273079e-02 -3.398200312185046396e-02 -2.911361387840530335e-02 -2.723401603039654270e-02 1.638166314216883994e-03 2.078752104440900693e-05 -3.252299168135328739e-03 1.208988128375058013e-03 -1.237701939321420551e-02 1.505034770542986984e-03 7.237901425528477616e-03 5.554467206264315955e-03 1.610826815375017429e-02 -6.292275210241917577e-03 -6.188281015825738626e-03
-1.572943516443852774e+00 -2.443160431504756147e+00 2.702859346437612442e-02 6.012700644747220879e-02 -1.813781725328330111e-02 -7.394190331594416299e-02 -1.384982768565928314e-02 -3.398808033174620380e-02 -2.813474316492547284e-02 -2.671270405210823470e-02 2.362436275956626350e-03 3.815302097548175066e-04 -2.966319025924840647e-03 1.133661138907730154e-03 -1.078048883680970439e-02 1.244015892748758607e-03 6.400905208309229377e-03 4.851938387918824751e-03 1.483042798333302111e-02 -6.316184274298766721e-03 -7.260794980313822408e-03
-1.571740624329130975e+00 -2.441050448032290987e+00 2.649674473471951702e-02 6.002850791276388015e-02 -1.848839190668794680e-02 -7.445619189857055620e-02 -1.345109007613781021e-02 -3.361999574302430849e-02 -2.839206092504754919e-02 -2.657510429991160120e-02 2.410260568270339212e-03 -6.060358544526811293e-05 -3.347808405355499027e-03 1.181308165830777333e-03 -1.167576584416829197e-02 -3.790241561073576671e-04 6.302421877496430444e-03 4.370156378649821607e-03 1.502871601959464981e-02 -5.702940896172526038e-03 -5.920607547248343469e-03
-1.574704302044572568e+00 -2.445251720094610448e+00 2.688737095257102278e-02 6.077161929196823326e-02 -1.814607292392128243e-02 -7.407783142662405229e-02 -1.281641484952491736e-02 -3.019765019993275387e-02 -2.725223678234578104e-02 -2.653467161157127552e-02 1.046393579149646922e-03 -2.401384152956951147e-04 -3.544137691366531021e-03 2.991640688316429516e-04 -1.198330809134214719e-02 -1.081365838197788668e-04 5.986534128195333641e-03 4.428570136236743837e-03 1.435794031734439168e-02 -5.736703130401916810e-03 -5.965337491061931813e-03
-1.574909641848209585e+00 -2.445521688158321716e+00 2.691160015655759755e-02 6.189706419820647371e-02 -1.812430807951012635e-02 -7.393255641383383869e-02 -1.249462682611492126e-02 -3.039039676631416151e-02 -2.764026475585601439e-02 -2.679588766363439484e-02 1.823372976445553073e-03 -1.134801743064605051e-04 -3.552257413793634844e-03 2.107541583229868094e-04 -1.215489257176022818e-02 -1.027642002649153084e-03 5.780554589596903665e-03 3.872117903467715144e-03 1.401573175271870336e-02 -5.945789444746552022e-03 -5.838933287218741122e-03
-1.573970747370008638e+00 -2.444073356611522918e+00 2.702442225314271099e-02 6.092710691228221676e-02 -1.813818225209128457e-02 -7.379946654299905651e-02 -1.214584600388461319e-02 -3.007036014708729110e-02 -2.796154882905163563e-02 -2.710900977069760631e-02 2.314771056807701094e-03 -1.981871264182723128e-04 -3.608466646518984459e-03 -1.163626045300666120e-04 -1.248724722331203719e-02 -1.071635825620135662e-03 6.278020764517973709e-03 4.131140280084860845e-03 1.413451986579580648e-02 -5.808456532518175425e-03 -4.683136349302627691e-03
-1.571304798417193282e+00 -2.439224527114769892e+00 2.643579794379041781e-02 5.905625739074491648e-02 -1.806061381073712294e-02 -7.383289990311986406e-02 -1.261287524721628819e-02 -3.111130595552157735e-02 -2.846545161994889356e-02 -2.787071064122684932e-02 3.037155956521956843e-03 -2.966039187978695936e-05 -3.578014967518654190e-03 -3.498178339898955506e-05 -1.241938273768609241e-02 -7.647874374526798281e-04 6.774363315442547342e-03 4.866886373800312707e-03 1.464802535443183659e-02 -5.993299006503441557e-03 -5.187744907659986443e-03
-1.572392157506990795e+00 -2.441124137489776746e+00 2.667637414500991996e-02 6.020589983173701976e-02 -1.846327057620870613e-02 -7.432509495336830918e-02 -1.222737831610999810e-02 -3.105283299568790956e-02 -2.817609526333227782e-02 -2.721597117714818007e-02 4.125115006511094994e-03 5.427770818376756717e-04 -3.256499096965869734e-03 -3.240565222057373811e-05 -1.205484285976442249e-02 -1.177408524143438301e-03 6.473949534729862496e-03 3.972809491046836762e-03 1.411333577684385256e-02 -6.072991181854883389e-03 -5.036296320581193538e-03
-1.573380381865256528e+00 -2.442457380387632604e+00 2.641897243678397247e-02 5.915203024587217806e-02 -1.844823714425520775e-02 -7.400387042162205609e-02 -1.301147964370122367e-02 -3.330934137059715638e-02 -2.949625141428512468e-02 -2.820090604366833759e-02 4.397095991532979156e-03 1.199955147348438951e-03 -2.946914482547084886e-03 8.630449595141439058e-04 -1.098726332465949779e-02 -6.937613910877148257e-04 6.383915500923196575e-03 4.447949194919680743e-03 1.424908944068802551e-02 -6.349589410442941888e-03 -6.014308518456818603e-03
-1.572857016663514962e+00 -2.442433827045201955e+00 2.648817864324467738e-02 5.971590204667333313e-02 -1.876932421003229753e-02 -7.396841555175799610e-02 -1.277028213453781057e-02 -3.156532012100091156e-02 -2.919767718173997550e-02 -2.854031954096052787e-02 3.314265675974116792e-03 9.226931483460565049e-04 -3.179052493490183533e-03 3.710501619942658679e-04 -1.088247908639932045e-02 -1.774473972655963953e-03 6.236801104681497128e-03 4.641601183425389868e-03 1.424457159983923832e-02 -5.897545547565954949e-03 -4.847432646071174467e-03
-1.573478546807177691e+00 -2.442477403663026347e+00 2.639324389384282987e-02 5.972983438998923783e-02 -1.909662882515122603e-02 -7.481033388405111673e-02 -1.295923161554485802e-02 -3.245086855951362370e-02 -2.894605687700298191e-02 -2.715105923693255860e-02 3.442307845477081060e-03 9.590689710109448138e-04 -3.079186587027190128e-03 3.744948071464503266e-04 -1.074883579712802677e-02 -1.276090510243528325e-03 5.932183918426631349e-03 3.971677866651478726e-03 1.387764020845990050e-02 -6.155940444768860133e-03 -5.591847794803144790e-03
-1.577676386070724357e+00 -2.448135403049526815e+00 2.612981174860115954e-02 5.862170116502202905e-02 -1.884477437098649316e-02 -7.445723147921372298e-02 -1.304954331395887651e-02 -3.317695320139804616e-02 -2.956538445574738092e-02 -2.743365388007504985e-02 3.846060553072102109e-03 9.894273431360629378e-04 -3.105842227390995074e-03 7.259334462679973860e-04 -1.104747240521873793e-02 -1.845154770408075767e-04 6.048451319339888561e-03 4.115585876899875359e-03 1.432230728625999601e-02 -6.558538462774464624e-03 -6.966946221557131051e-03
-1.575622278027722034e+00 -2.444469993735037150e+00 2.617026000346073245e-02 5.904514588603392705e-02 -1.849076011078226028e-02 -7.424224630326788088e-02 -1.307453669814124392e-02 -3.242092712300942425e-02 -2.906676894526908500e-02 -2.756020267023439468e-02 3.359949236599036899e-03 9.198619719923018662e-04 -3.507997916028004863e-03 3.902231740677483142e-04 -1.133761567401378456e-02 -1.354955026179382365e-03 5.747334140667473973e-03 4.170692381248138243e-03 1.344064113453786666e-02 -6.112849569061442993e-03 -5.396031873652457587e-03
-1.575521649147090697e+00 -2.443990274975476940e+00 2.548338427547137963e-02 5.961707594426463724e-02 -1.878742571028248209e-02 -7.510027073931281605e-02 -1.342631010445157272e-02 -3.424282232464988251e-02 -2.918117502755983306e-02 -2.609651591753307104e-02 3.783298438776011227e-03 1.131154144949612960e-03 -3.355943256421967981e-03 1.221241400755920716e-03 -1.134365655144001228e-02 -2.639459718857117311e-03 5.112280521444015000e-03 3.560625163391712908e-03 1.260072141442005085e-02 -6.190381116751952732e-03 -5.355149894365125382e-03
-1.574132715471901367e+00 -2.441778365980728616e+00 2.595341752515994971e-02 5.750187337180130698e-02 -1.874636225460702896e-02 -7.563131911706463817e-02 -1.401477872023827037e-02 -3.493497745655232967e-02 -2.867468768287532999e-02 -2.481127418519746275e-02 3.124185437853868857e-03 5.226052158696951541e-04 -3.607916515265099325e-03 1.481590858996287155e-03 -1.181987178133244061e-02 -5.713182017241472815e-04 6.623265828008689966e-03 4.299915615462506988e-03 1.424669238459657164e-02 -6.214334986007138094e-03 -5.826147695099129567e-03
-1.572118782908470402e+00 -2.440084653014069183e+00 2.589712853868621906e-02 5.766758184257472081e-02 -1.895341560432385261e-02 -7.560729781470819366e-02 -1.399202838893458950e-02 -3.590690860936575357e-02 -2.943435861491423139e-02 -2.538410898509514332e-02 3.728551398603302362e-03 9.511318345471465830e-04 -3.252377601403281214e-03 1.890144201324126926e-03 -1.044298788465992597e-02 -7.365480611774271203e-04 6.469222072089940087e-03 4.566078174116887899e-03 1.336429939940634790e-02 -5.813890743170515955e-03 -5.448449466312397724e-03
-1.573265564880850675e+00 -2.440579079736316714e+00 2.505433255650281466e-02 5.559710653646181971e-02 -1.914379437010587520e-02 -7.589374038076623918e-02 -1.424323496869178349e-02 -3.676836358587727560e-02 -3.016661244037260534e-02 -2.544770534994688499e-02 3.958190689581946552e-03 1.287377316117278110e-03 -3.135846751725662913e-03 1.976821116909019925e-03 -9.634560272257749677e-03 -1.688174017162613096e-04 6.126417063189218935e-03 4.830880278995424056e-03 1.262445548086074329e-02 -5.985891074960087745e-03 -6.255101351132275056e-03
-1.573545636848211693e+00 -2.441934888813885429e+00 2.594697456401189734e-02 5.700007446813534773e-02 -1.905048608670989463e-02 -7.527285728917385010e-02 -1.415493775999999634e-02 -3.617960996421221848e-02 -3.033842753748575150e-02 -2.690145962019001996e-02 3.915624871561362505e-03 1.490252066402133427e-03 -2.756396973169953843e-03 1.941331678020166186e-03 -9.420074080821823695e-03 1.157263326997844555e-03 6.665513725424061613e-03 4.876084397503263959e-03 1.286869976568276279e-02 -6.782991078181524122e-03 -7.379775513706777514e-03
-1.573681167424358263e+00 -2.441989015524244522e+00 2.587038248365852028e-02 5.858233708060169020e-02 -1.863420342131914126e-02 -7.459171293598602925e-02 -1.458378038294270984e-02 -3.840012796901237646e-02 -3.059844498778876640e-02 -2.725501606984455372e-02 3.964650173776225299e-03 1.416106090906351983e-03 -2.698031262608010898e-03 2.759693731560027528e-03 -8.901607884583700309e-03 3.549861131645606818e-04 6.014045202119394987e-03 4.531003253602788536e-03 1.223847033509306050e-02 -6.660153770705492735e-03 -7.447177430912421334e-03
-1.573851951959286399e+00 -2.441717613749140536e+00 2.540381843986104851e-02 5.632894661026461441e-02 -1.872599325693077160e-02 -7.511610231685618422e-02 -1.371130929964296634e-02 -3.600330071647928759e-02 -2.993837254092797731e-02 -2.651293297878117364e-02 3.582193682585142498e-03 1.402865405748455552e-03 -2.757946290410165802e-03 1.848220484128949631e-03 -9.968693959088769166e-03 2.898760602773811776e-04 6.212822738201753854e-03 5.121793440728041220e-03 1.356641866906379071e-02 -6.404827131267149150e-03 -6.383755677054223955e-03
-1.574215737291311923e+00 -2.442630829398094505e+00 2.551544143810564880e-02 5.527849961745452678e-02 -1.870060908271875544e-02 -7.511256882835928850e-02 -1.329910993030715589e-02 -3.497348473933052648e-02 -2.936183236115934639e-02 -2.632512314840384712e-02 3.853510283055265086e-03 1.352682261233347904e-03 -2.834924354221843648e-03 1.496253476702615872e-03 -1.043205941474133897e-02 1.763301747517598272e-03 6.868138183709793232e-03 5.581907071459441330e-03 1.457366258338273039e-02 -6.604043103342959603e-03 -7.355079021605627487e-03
-1.573535633439395953e+00 -2.442649368963556888e+00 2.591306969681952607e-02 5.578320431642540267e-02 -1.904293637902268813e-02 -7.540179303860126969e-02 -1.352480617270127028e-02 -3.522993741344141588e-02 -2.965290108009508221e-02 -2.577852413223815156e-02 3.889884823425472475e-03 8.426325801878515979e-04 -3.026281463175977630e-03 1.506867732046219058e-03 -1.052924870786690371e-02 2.402793309183687623e-03 7.396176378653014291e-03 5.226175787130471484e-03 1.478433733851560773e-02 -6.712003066581309282e-03 -8.266318038241300681e-03
-1.574861276491616557e+00 -2.444902338908209405e+00 2.621311719278759597e-02 5.873845198175584037e-02 -1.862298365643613729e-02 -7.450308421916471135e-02 -1.314739275493908427e-02 -3.473977791598670262e-02 -2.969197135785242581e-02 -2.632369668918269068e-02 4.140682208782713904e-03 4.405125430924421116e-04 -3.246475928926467833e-03 1.195725857944245074e-03 -1.137649499014845716e-02 8.350104040866848654e-04 7.008602382087461558e-03 4.588550020120508825e-03 1.409364033145098574e-02 -6.588390762599975747e-03 -7.559359575933937564e-03
-1.575613773472426704e+00 -2.445649176325434215e+00 2.571060968766489610e-02 5.768183621103812470e-02 -1.875155064473909422e-02 -7.435336592166759406e-02 -1.330849298912783335e-02 -3.518869206801712030e-02 -3.030365516502272344e-02 -2.705469713477326454e-02 4.477573240931400148e-03 5.844360581225304697e-04 -2.994291629739951211e-03 1.205049533524861797e-03 -9.848676735640439842e-03 -7.772271238426178190e-04 6.609760056344989552e-03 4.598710784902849957e-03 1.327024164053502119e-02 -5.478256461929218758e-03 -5.437239013406642077e-03
-1.575193762332218750e+00 -2.444924550857411560e+00 2.535504238617595010e-02 5.656274806648740883e-02 -1.880089398974802567e-02 -7.481045036775163526e-02 -1.397793243814444454e-02 -3.679038116117063634e-02 -3.040871534690992029e-02 -2.607976951142936331e-02 4.428877250999354448e-03 8.580690157780092569e-04 -2.977446657669704198e-03 1.874063357423431811e-03 -1.083202005085211889e-02 -4.326405147372680321e-04 6.540691352861149541e-03 4.884048033897512610e-03 1.407844180626845534e-02 -5.663035706154296786e-03 -5.515769211804964420e-03
-1.573229534051665546e+00 -2.441196699847010709e+00 2.516023204418525727e-02 5.747404149067777274e-02 -1.870498187873901111e-02 -7.477586527079076173e-02 -1.403855769717339032e-02 -3.674665734924256744e-02 -3.049963608627592748e-02 -2.648711160700826378e-02 4.301862896848520842e-03 4.913353990031952548e-04 -3.205053446215188739e-03 1.668629605728316713e-03 -1.126231389957104388e-02 -1.361216251058368050e-03 6.016632924343175842e-03 4.502691758673895914e-03 1.346396640257249352e-02 -5.446355944900468579e-03 -5.308597036791559351e-03
-1.572283348859320418e+00 -2.439927813446446603e+00 2.508718317760524202e-02 5.511286165282255900e-02 -1.919592076370454925e-02 -7.555930228613347288e-02 -1.369859498291564268e-02 -3.696047949752974404e-02 -3.024642161472666443e-02 -2.601653320345235360e-02 4.926267840404872228e-03 3.707863738395665186e-04 -2.818451758805841107e-03 1.444335950620030977e-03 -1.129811228489616994e-02 -5.690612940027002693e-05 7.377892773815947561e-03 5.036268241136281944e-03 1.592503132336732172e-02 -5.867573107439273683e-03 -5.802791154395798082e-03
-1.573081809365329820e+00 -2.441695539442904295e+00 2.514178232067958152e-02 5.613610793379479602e-02 -1.900230956162844709e-02 -7.506714673509419511e-02 -1.323105489404623018e-02 -3.674295352816531884e-02 -3.023808493381979767e-02 -2.603157775781074490e-02 5.467427603978322614e-03 3.023075384946562324e-04 -2.194655141802364772e-03 1.465101682509248457e-03 -1.152308002295966000e-02 -1.425915777901481550e-03 7.083567532967105160e-03 4.740353248316482929e-03 1.612960346905509268e-02 -5.477890939637107721e-03 -4.509500455059670121e-03
-1.572848856856143840e+00 -2.441304508225860204e+00 2.515029692087381030e-02 5.614070725850048293e-02 -1.884763606266685182e-02 -7.520673730431488846e-02 -1.334187077092198817e-02 -3.551673187759560313e-02 -2.947512410319369849e-02 -2.515038750175604618e-02 4.368895525828948335e-03 3.123298881884466432e-05 -2.622770411214649534e-03 1.188767519332199936e-03 -1.243559611677836144e-02 -1.723471721979915813e-03 6.785769775390742588e-03 4.596653351843588142e-03 1.635652493030848031e-02 -5.232503670584617676e-03 -3.919056867094009196e-03
-1.571637359647279908e+00 -2.439467382643827342e+00 2.585108173980225216e-02 5.576084249838848816e-02 -1.936067488321173424e-02 -7.578466562163019282e-02 -1.278038078891206505e-02 -3.160250207896365265e-02 -2.821915459763528825e-02 -2.498435819929516882e-02 3.152049285975498574e-03 3.281689384798578649e-05 -3.176504142651138431e-03 9.341048813197271039e-05 -1.295962311723031918e-02 -3.454836622988908049e-04 7.539676480589670854e-03 4.458656717681723156e-03 1.733780658094852614e-02 -5.692824175782823168e-03 -4.654219897738665762e-03
-1.569643823392289805e+00 -2.437018044364038794e+00 2.632537765435892518e-02 5.654203919252800276e-02 -1.923847513400555112e-02 -7.554040606988433881e-02 -1.378946089176317190e-02 -3.463412319695893110e-02 -2.882324262369229811e-02 -2.472590969429100394e-02 3.487895284664143357e-03 5.609731274606417429e-04 -3.019916941614781900e-03 1.094543045763984521e-03 -1.296407613447646962e-02 -1.554697914568057312e-04 6.977982424999996762e-03 4.355509226437983411e-03 1.697012762341018610e-02 -5.411678513383685017e-03 -4.174146078342225175e-03
-1.571190202479515463e+00 -2.439836214082527821e+00 2.634190333364982289e-02 5.799335110514487746e-02 -1.903283428995454843e-02 -7.542832591814689625e-02 -1.406152934549760591e-02 -3.469157068704226826e-02 -2.847814832828659409e-02 -2.467223852934506689e-02 2.789110884923310437e-03 -1.395954417113863338e-04 -2.999528719718724725e-03 1.144996986185267684e-03 -1.288385023976854060e-02 -4.887687212192855669e-04 6.752649827596405793e-03 4.344113093873466433e-03 1.660196923419234721e-02 -5.153385437099420804e-03 -4.364901301003695951e-03
-1.571456653441720475e+00 -2.438378632300450821e+00 2.553839712619216870e-02 5.566883707675751580e-02 -1.894829934442632952e-02 -7.566705257787563477e-02 -1.358768465073943374e-02 -3.420465635824931905e-02 -2.885871238378924855e-02 -2.430124142346262034e-02 3.034012394252618393e-03 -2.507899235125224369e-04 -2.826104406857951699e-03 1.169851931324690725e-03 -1.334831403234451423e-02 -1.132628793160841258e-04 6.789085307824460624e-03 4.507278021938349553e-03 1.628751757197691510e-02 -5.686363378810098575e-03 -4.988685009625055608e-03
-1.572868787432075477e+00 -2.440356142589954480e+00 2.567189983086426430e-02 5.575063614710354387e-02 -1.875215675472089935e-02 -7.508580751539624398e-02 -1.363891919351228020e-02 -3.333257254361415844e-02 -2.952400604977643839e-02 -2.572801996702554425e-02 2.090627379888571405e-03 -2.298311413676350212e-04 -3.030910405926838958e-03 8.483536699281933645e-04 -1.278802380983506438e-02 -5.423447173338326842e-04 6.446704575776189029e-03 4.608989518743712883e-03 1.589375256787930318e-02 -4.989551990292243229e-03 -3.989901412558343949e-03
-1.572427244357629927e+00 -2.440332520507689118e+00 2.600237279074323754e-02 5.674605599463635602e-02 -1.866073834677901833e-02 -7.496347770316516557e-02 -1.367810329784377270e-02 -3.296353485945741069e-02 -2.908343421397788925e-02 -2.553640400242164835e-02 1.766442950008537561e-03 -3.895269152525279114e-04 -2.830007564119021296e-03 5.802233236458059469e-04 -1.298010066912557575e-02 3.897236364071951942e-04 6.264269971232933748e-03 4.591510195255124605e-03 1.574665113746680223e-02 -5.223651234700523935e-03 -4.835806732971654510e-03
-1.572857125703834624e+00 -2.441386182931516657e+00 2.667818927417461849e-02 5.820085307183402168e-02 -1.871946882734341552e-02 -7.483013681525579885e-02 -1.370446061818313133e-02 -3.330403521598022248e-02 -2.893687315532676024e-02 -2.592787475191568602e-02 2.248206211690449881e-03 -8.379946788504024323e-06 -2.848709414293249063e-03 8.505794995282218085e-04 -1.219128666018042331e-02 1.099535171257775982e-03 6.858860957130757940e-03 4.305659024378574555e-03 1.510857481153038244e-02 -5.975178307972005796e-03 -5.856614026663087974e-03
-1.573409083517119722e+00 -2.441816182627926324e+00 2.713738907378018123e-02 5.874798004691029335e-02 -1.871917154248299922e-02 -7.516776380131651170e-02 -1.366456574613209365e-02 -3.425942072613770428e-02 -2.873466329715911385e-02 -2.561551892587055762e-02 2.424697116042292492e-03 5.539207253771411069e-05 -3.022333935266436657e-03 1.381364198720988175e-03 -1.135895514942309240e-02 1.199306174327055422e-03 6.663628178560803729e-03 4.190329649493102111e-03 1.413854370528515488e-02 -5.811482462656896060e-03 -5.841113147109014414e-03
-1.573402134754121162e+00 -2.441434439622613972e+00 2.664515661913486808e-02 5.547875245791446253e-02 -1.882208225075832422e-02 -7.532798517307297270e-02 -1.349508857312702904e-02 -3.419119355745901812e-02 -2.917374826172202187e-02 -2.637934846550053433e-02 2.386373628593865120e-03 -3.080921264484263187e-04 -3.012239752067444667e-03 1.592896934889615921e-03 -1.181592551908740817e-02 3.210669086640378228e-03 7.785260763806452558e-03 5.309791383731116664e-03 1.590337589738030286e-02 -5.998008523252327737e-03 -6.987707210994294205e-03
-1.575878780611811969e+00 -2.444984207926261810e+00 2.654410948289538663e-02 5.555618363675077914e-02 -1.854451990362757097e-02 -7.544326456913003076e-02 -1.286217077311646410e-02 -3.295371634671989680e-02 -2.752552827961552567e-02 -2.550008358067906711e-02 2.474579764689766124e-03 -1.839252468165462982e-04 -2.941234653994435899e-03 1.193135930048216291e-03 -1.077881022708171779e-02 3.257539963083194625e-03 7.177549851678668644e-03 5.541630486654661528e-03 1.502012643447191154e-02 -5.798739289758258857e-03 -7.274265536828678110e-03
-1.575191699564503223e+00 -2.444456060066275249e+00 2.730367128143254551e-02 5.863871041128673051e-02 -1.819066686330284358e-02 -7.506070493754732342e-02 -1.350731138421168431e-02 -3.302857241910170383e-02 -2.710553563624685039e-02 -2.565269246182457982e-02 1.883253145375397798e-03 2.329818380965745597e-05 -3.481703205378254389e-03 1.226148069766814109e-03 -1.128458817777546440e-02 1.937626259870033497e-03 6.603060444118321985e-03 5.002605374101336093e-03 1.455914493086513800e-02 -5.730703921691346694e-03 -6.735926294070366735e-03
-1.574104901245404253e+00 -2.442260578897002432e+00 2.736017606693057908e-02 5.864846018499624003e-02 -1.789710864386869632e-02 -7.388104371500556211e-02 -1.270866727732161867e-02 -3.183812553347301066e-02 -2.763047827825784730e-02 -2.828466585349280818e-02 2.489254232880588717e-03 -1.521334351877754257e-05 -3.335577847399891303e-03 7.783391218332709732e-04 -1.079617635880392168e-02 1.612873293943372808e-03 6.933195368011237439e-03 5.165176453709667548e-03 1.439993456102391448e-02 -5.531142388465082327e-03 -6.122777156506568376e-03
-1.575435863379328616e+00 -2.443545444632304608e+00 2.740377882653958347e-02 5.856758832999648529e-02 -1.829922438863904738e-02 -7.439011984981641623e-02 -1.284430767312131315e-02 -3.191608648404360704e-02 -2.729703001391665246e-02 -2.780451604000257551e-02 2.195155384629803551e-03 5.455069334105548673e-04 -3.668428550837052673e-03 7.209625468818025521e-04 -1.028592013160455239e-02 1.109994056827718744e-03 6.943292505851705355e-03 4.524928135326663180e-03 1.408438064740526012e-02 -5.674266884077384943e-03 -5.091183753039183954e-03
-1.576446398159920825e+00 -2.445336625392089847e+00 2.718488388704685954e-02 5.765149895789525858e-02 -1.841617029482967363e-02 -7.403190662748847239e-02 -1.297064791068994714e-02 -3.459287995421006512e-02 -2.889253366981556215e-02 -2.888908624191503099e-02 3.699146556892626142e-03 4.978950842246329537e-04 -3.210851970167957065e-03 1.529173443748768407e-03 -9.789888994716061318e-03 1.391439662950201637e-03 7.188124189534109490e-03 4.639399914741096885e-03 1.443354657055759098e-02 -5.517827017506365603e-03 -5.231839765108293842e-03
-1.573704249473377725e+00 -2.440602650222568393e+00 2.702262854347283610e-02 5.828436736555642900e-02 -1.856740168211282530e-02 -7.451134011558345482e-02 -1.323203802251764552e-02 -3.368234494296816484e-02 -2.874885467327907562e-02 -2.867393622565288236e-02 2.756875449908693411e-03 7.038090629907273361e-04 -3.245678209194130439e-03 1.286571046155784081e-03 -9.912865480081464037e-03 1.126820344499152677e-03 6.595816039084944488e-03 4.231037228847383744e-03 1.381563501213379022e-02 -5.983770715403683577e-03 -5.868454365370250059e-03
-1.576576254873109484e+00 -2.445273685664428154e+00 2.689089150030778141e-02 5.745560847226641177e-02 -1.871457816596037646e-02 -7.517764070907759222e-02 -1.342627252374289579e-02 -3.503100532288844216e-02 -2.849312870942003612e-02 -2.650658193652719735e-02 3.327471558975361905e-03 5.047117708557450396e-04 -3.263332453849311296e-03 1.757629844156116021e-03 -1.060037097085769243e-02 1.527249152855515626e-03 7.318440306780941637e-03 4.427698252249714049e-03 1.465764563337173740e-02 -6.340119051098377229e-03 -6.313758487913078907e-03
-1.575346438897154977e+00 -2.443331459761145741e+00 2.576828852000496647e-02 5.524050269318921125e-02 -1.893915800718491346e-02 -7.604469867175421560e-02 -1.336718968704104712e-02 -3.454905748000678539e-02 -2.818012589163315304e-02 -2.516223136787575088e-02 3.043471443423326553e-03 4.318568572546242681e-04 -3.037368299242795399e-03 1.491039341220284226e-03 -1.027933461490873092e-02 1.129621902228164065e-03 7.168089839216903320e-03 4.968671864862752620e-03 1.500632797920836703e-02 -6.154172846270133251e-03 -6.314809843219091993e-03
-1.575168906015994130e+00 -2.443594079302412236e+00 2.589042359392631013e-02 5.598704856732211049e-02 -1.880954069599320364e-02 -7.534205811151632737e-02 -1.382722100817307051e-02 -3.481343153697085552e-02 -2.870010421566088557e-02 -2.591282319657788741e-02 2.405612950654086382e-03 -3.353824306858143320e-05 -3.160041934008891648e-03 1.566417615386993169e-03 -1.087139717168538779e-02 2.681199292371451697e-04 7.303874163201814172e-03 4.952448554577071685e-03 1.507234721389162473e-02 -5.914420590051872040e-03 -5.142869910420234426e-03
-1.576789196750007616e+00 -2.445490532252693860e+00 2.576803670703161145e-02 5.611718321991217978e-02 -1.894046397146584293e-02 -7.549443831276463068e-02 -1.348260026817232025e-02 -3.395341354290172531e-02 -2.880098765304251948e-02 -2.503027170195692985e-02 2.641057154024853242e-03 -1.562986535547568356e-04 -3.173186867070111172e-03 1.267239729553758633e-03 -1.180776770758114325e-02 3.775034364811746704e-04 7.231180258413314431e-03 4.197418110002214438e-03 1.491081484267533022e-02 -6.428953039770555176e-03 -5.785865973010463278e-03
-1.575771929215497469e+00 -2.444964127077926541e+00 2.652829166078116488e-02 5.870451046343863610e-02 -1.866196142257027860e-02 -7.516663775852441831e-02 -1.386366021708071786e-02 -3.552424699866141289e-02 -2.910763355089765123e-02 -2.560498492383646296e-02 2.778250963007786699e-03 -2.011111827645956866e-04 -3.233332368597385906e-03 1.852271088069763674e-03 -1.113537768083115026e-02 -8.718754548416984135e-05 6.849233330254334007e-03 4.048548940139188625e-03 1.386522191637541354e-02 -6.080067838451250900e-03 -5.673021830263112047e-03
-1.577388761894770841e+00 -2.447549003668417988e+00 2.668184861833751073e-02 5.803637222273968360e-02 -1.836396745393374316e-02 -7.421532205204653398e-02 -1.403735391890916645e-02 -3.425083330724286446e-02 -2.984939324393920401e-02 -2.655861672162678280e-02 2.039760706958453854e-03 -1.805812108575698192e-04 -3.690280183195237401e-03 1.584252907436775213e-03 -1.283123871544263050e-02 4.049722849492467863e-04 7.176773911588721182e-03 4.389015588251541679e-03 1.502973720486636480e-02 -6.205390080277609077e-03 -5.878024214135576381e-03
-1.578908713211157222e+00 -2.450146228583109487e+00 2.660146040127632505e-02 5.813832212903310981e-02 -1.791084925254532445e-02 -7.336641118307248022e-02 -1.408388760426294156e-02 -3.541675727856745393e-02 -3.013943903018426185e-02 -2.676755721463185481e-02 2.471186558203214770e-03 3.118627996660349854e-06 -3.755370373473446675e-03 1.625236264699391267e-03 -1.227629508291768271e-02 1.757381378719950608e-04 6.895495986899288603e-03 4.578753886617457046e-03 1.465691540832266514e-02 -5.794939846555632705e-03 -5.169254006354607675e-03
-1.580260644657070390e+00 -2.452868899987777240e+00 2.799835554335492263e-02 6.116908252725958284e-02 -1.766930055752301970e-02 -7.310475864816132208e-02 -1.476288573302445353e-02 -3.661243841757658157e-02 -2.958436825498682310e-02 -2.657608184549541119e-02 2.419420672908671310e-03 2.536651755266659336e-04 -3.940111115804470661e-03 1.887909650275659389e-03 -1.142032445206234148e-02 4.604549167606288972e-04 6.958256059313296799e-03 4.321522058792479082e-03 1.343339808413200609e-02 -6.026347040442912514e-03 -5.448161770134483071e-03
-1.578991693927520146e+00 -2.450892942569716126e+00 2.808563316981867869e-02 6.150537488695712041e-02 -1.771413922214878228e-02 -7.326444250221159082e-02 -1.527817263851590293e-02 -3.712827191129032534e-02 -2.991135024664982184e-02 -2.700102000355782475e-02 2.176695669444094101e-03 2.754144338278613599e-04 -4.262948315375523350e-03 2.162119054227983755e-03 -1.254003214266863515e-02 1.717817979934548826e-03 7.402262872939753199e-03 4.272267219193895404e-03 1.407784833311639949e-02 -6.625631658363112172e-03 -6.937664438761623892e-03
-1.575189827139992671e+00 -2.445554640331295992e+00 2.746270797036066275e-02 6.015311062098592509e-02 -1.792321705911949573e-02 -7.318448107889212462e-02 -1.456911918472498374e-02 -3.604161609328451754e-02 -2.924872595190174118e-02 -2.777479818804033662e-02 2.535450594850587047e-03 9.685446302886641448e-04 -4.295156244073190972e-03 1.918044678519391973e-03 -1.055287825654437593e-02 1.212450194125590068e-03 7.389899822323839351e-03 4.464630290764135673e-03 1.413255702876232804e-02 -6.541786749379474228e-03 -6.550598415996210060e-03
-1.577689556321098863e+00 -2.448608390696332293e+00 2.675822352892659461e-02 5.800238155254951178e-02 -1.772838598445351799e-02 -7.355980994939503859e-02 -1.445059170959330994e-02 -3.453063183760454735e-02 -2.902655468372707451e-02 -2.711011726766211424e-02 1.881929210794179921e-03 4.126691123378486612e-04 -4.202476439935215122e-03 1.635846298502925114e-03 -1.161537003726993179e-02 1.766297668968229775e-03 7.613981183426469027e-03 5.263401076457998803e-03 1.503207093709555547e-02 -6.849132451889813726e-03 -7.575149282279208460e-03
-1.578175034594485826e+00 -2.449008899386230897e+00 2.656695182182428061e-02 5.628466421659134022e-02 -1.833521344763731561e-02 -7.385540108095675627e-02 -1.380926619601275697e-02 -3.218202239792063851e-02 -2.942645692689523432e-02 -2.737973637508001740e-02 1.488870972277893823e-03 -8.153442645278256070e-05 -4.388577109297329276e-03 8.297682406202273441e-04 -1.325744976717341955e-02 2.381392265084154251e-03 8.199185718505055259e-03 5.396571745429068478e-03 1.667556547535975486e-02 -6.776746084450086839e-03 -7.641656038279435320e-03
-1.576932913000777647e+00 -2.446204490959289490e+00 2.586207321684714719e-02 5.393549671429029302e-02 -1.847308508033586316e-02 -7.442269170836099401e-02 -1.423599335851790867e-02 -3.394726279677902359e-02 -2.971607560995835617e-02 -2.649697121168774483e-02 1.423918081498510343e-03 -3.018388603176217952e-04 -4.503202927189088080e-03 1.499295516667147315e-03 -1.412812901496880019e-02 3.005238430917784448e-03 8.702191597668173378e-03 5.738514049849537807e-03 1.802649243502494822e-02 -7.028235041719107200e-03 -8.041175128857689508e-03
-1.578262316161478385e+00 -2.447100088983898303e+00 2.601414899667045880e-02 5.377076858515022345e-02 -1.842548114656294631e-02 -7.450100548825291935e-02 -1.379457843067854843e-02 -3.229525831956163440e-02 -2.913920891179319628e-02 -2.715064541934105249e-02 7.897398444097144827e-04 -3.899100760603784127e-04 -4.129156575992891549e-03 9.938038968178390924e-04 -1.313897523692868392e-02 3.291707958002566652e-03 8.613020380670598219e-03 5.556434874267429137e-03 1.742608497031350803e-02 -6.922835072452537472e-03 -7.628268240220249623e-03
-1.581646712561442403e+00 -2.452249893589878216e+00 2.599792757382570277e-02 5.382159189544098721e-02 -1.808159412319946049e-02 -7.380481446465160522e-02 -1.339398528589829523e-02 -3.238257838617845941e-02 -2.912616742878922776e-02 -2.728266316427114396e-02 1.718048541758285599e-03 6.598187762506030254e-06 -3.899354049973504776e-03 1.035309085563331042e-03 -1.202345379241111407e-02 4.312507801380531525e-03 8.676334946307736121e-03 5.807692527612531505e-03 1.627481801165358080e-02 -7.794631921098076066e-03 -9.331346221459391535e-03
-1.579710863157501866e+00 -2.450386537482085902e+00 2.623079924244971217e-02 5.456904556694987946e-02 -1.826010100569079239e-02 -7.378230697233606472e-02 -1.352438199081904338e-02 -3.221492491721009155e-02 -2.936376979374998031e-02 -2.706415395172475161e-02 1.512514317441624161e-03 -5.318624034517599811e-04 -3.952128258186478338e-03 9.687604078768027958e-04 -1.375593245927014124e-02 3.534825544398807837e-03 8.633890876420538540e-03 5.674667742445747669e-03 1.750338459212241390e-02 -7.270378261634000139e-03 -8.377151580449744908e-03
-1.577483708725002653e+00 -2.446843393743380446e+00 2.617017573465201322e-02 5.356310411601492710e-02 -1.900496291205723901e-02 -7.503805607063590566e-02 -1.336552522824664170e-02 -3.356491600469409253e-02 -2.922992139198426348e-02 -2.567056863026345032e-02 2.251476082956918763e-03 -8.516416099288588162e-04 -3.607767294936716981e-03 1.393435979060731952e-03 -1.377087130632842146e-02 3.190100871575459341e-03 9.148879202702277225e-03 5.256820998524779076e-03 1.801121786932101398e-02 -6.705339783169406327e-03 -6.906998358118375363e-03
-1.577116188061994606e+00 -2.447498997890420913e+00 2.691746840508631514e-02 5.608300885510583700e-02 -1.871083966564627069e-02 -7.455767104965191350e-02 -1.390805848793563726e-02 -3.330257043004842404e-02 -2.900383999121687942e-02 -2.549275954507610256e-02 1.168213183835502354e-03 -8.782679953866580390e-04 -3.601895185538363676e-03 1.233121792808819896e-03 -1.356598854051254549e-02 2.820982986054395777e-03 8.416079656437355783e-03 4.956635371107144181e-03 1.684142521583381971e-02 -6.801325502001056601e-03 -6.806697118370366034e-03
-1.577104966467055558e+00 -2.446779080035013099e+00 2.659733631348307203e-02 5.453237465620541791e-02 -1.882082530968273715e-02 -7.512095852304975785e-02 -1.401813075972962487e-02 -3.356982735140533886e-02 -2.881912185715155075e-02 -2.520190121642260084e-02 9.630257324811850300e-04 -7.232698986156749438e-04 -3.683606365526606672e-03 1.435009936099883266e-03 -1.244107162000356211e-02 2.460368175684338708e-03 8.349256258424494689e-03 5.227136001584592115e-03 1.638593155050949851e-02 -6.288407862954099002e-03 -5.895085991791683064e-03
-1.576157981248321072e+00 -2.445325436803138075e+00 2.592461776333400414e-02 5.405175579603854752e-02 -1.912293591555727645e-02 -7.587574492878602916e-02 -1.354934926696778515e-02 -3.452151567897624590e-02 -2.875223861500211114e-02 -2.477278283606373227e-02 2.270604750959271181e-03 -5.585818581966834739e-04 -3.545652932701620630e-03 1.577305718613055113e-03 -1.211093253726869268e-02 1.548874135654843692e-03 8.484225529623030948e-03 5.375294163219656619e-03 1.668474921814995862e-02 -6.296654353859621779e-03 -5.757563872877393893e-03
-1.575969734964429492e+00 -2.445387962849718821e+00 2.591985734591752133e-02 5.562190660586063817e-02 -1.908206873990628966e-02 -7.574303591128780933e-02 -1.389436936360689823e-02 -3.413089892003635939e-02 -2.855174983236914016e-02 -2.423680165844462053e-02 1.443549554337981902e-03 -1.006956637803934056e-03 -4.147891635937233333e-03 1.503917855213862198e-03 -1.341137679117202462e-02 1.309549458375835682e-03 8.313909939824322068e-03 4.796082648508757235e-03 1.718770237194207698e-02 -6.300016424798439776e-03 -6.564261001708191802e-03
-1.572411346312744485e+00 -2.441008449683478077e+00 2.671967108818364134e-02 5.721731830690021670e-02 -1.868076794838724811e-02 -7.460341196689583565e-02 -1.414977196704484894e-02 -3.390550200767433742e-02 -2.860165147367996208e-02 -2.628461793428379586e-02 1.003255503389119873e-03 -2.975442347111441387e-04 -4.236858239721426334e-03 1.366031424720999879e-03 -1.191166252966866304e-02 9.399641758312308158e-04 7.859965944891068174e-03 4.940820475385214114e-03 1.633746224964516616e-02 -6.149912716330415557e-03 -5.817671622607531456e-03
-1.573278681366702569e+00 -2.442548868477045332e+00 2.660568938164034614e-02 5.870626535434211174e-02 -1.895589782683187660e-02 -7.505148905076465538e-02 -1.375497745215893339e-02 -3.375870403106757262e-02 -2.891686735474435083e-02 -2.548230856319158924e-02 1.543586204397654621e-03 -1.013979610189465555e-04 -3.913625590586730998e-03 1.069740734257286496e-03 -1.155642335976705438e-02 3.369953977915105415e-04 7.403124674610269199e-03 3.890299544966435534e-03 1.513357376602426224e-02 -6.639779892869497255e-03 -6.060072007214052821e-03
-1.572846456059634246e+00 -2.441840361222073597e+00 2.638913939974698100e-02 5.811689578209164320e-02 -1.928699913566512755e-02 -7.512260562558059629e-02 -1.408278103246933359e-02 -3.464245047480558892e-02 -2.963045360351727539e-02 -2.621529213353283178e-02 1.904260594875186504e-03 -2.326837333784933723e-04 -3.826592370485854856e-03 1.213519445120583330e-03 -1.224337113178605198e-02 2.333760444994089419e-04 7.790097315755013449e-03 3.861410324522775422e-03 1.648072855366316744e-02 -6.672500682240171954e-03 -5.967461218870799382e-03
-1.574872089612243231e+00 -2.444865156590067201e+00 2.598448453214203049e-02 5.849555397863769046e-02 -1.915662885446525396e-02 -7.525167511826104383e-02 -1.391777489250770397e-02 -3.447753127172105414e-02 -2.909158476667026913e-02 -2.533664117745990096e-02 1.982381927725457727e-03 -2.790788204866477399e-04 -3.887162215701239418e-03 1.150888297714891019e-03 -1.277396322081353515e-02 -7.699432018719600500e-04 7.530156626476168340e-03 3.827616168522777161e-03 1.661666199078826178e-02 -6.632203602858594352e-03 -5.622055237087328003e-03
-1.574612602964327257e+00 -2.444181540745613113e+00 2.578211232866474065e-02 5.779287953891966423e-02 -1.935078334321841190e-02 -7.552872050541641069e-02 -1.379931569363312786e-02 -3.435232025323164962e-02 -2.894348429333103156e-02 -2.443280959839955885e-02 2.690770291021103364e-03 -1.881613407376442663e-04 -3.481149765701992485e-03 9.215265631952783767e-04 -1.246277933743556755e-02 -4.274458840817811286e-04 7.911742300482150700e-03 3.702532891426444078e-03 1.608757160369594930e-02 -7.336532162118361913e-03 -6.243260741663494116e-03
-1.573750900223131355e+00 -2.443761545164051086e+00 2.603650846571515382e-02 5.858263594552537423e-02 -1.905032072004402693e-02 -7.442668813096767200e-02 -1.370077730753841393e-02 -3.414373428901813778e-02 -2.954339356718383922e-02 -2.597117813001101339e-02 3.210551097695836086e-03 -3.320367640373900675e-04 -3.352007320860809873e-03 9.156767795713956432e-04 -1.330558049505616014e-02 -3.374898300868587405e-04 7.970090064851997891e-03 3.826533669088542835e-03 1.693893971828761350e-02 -6.931057119922609186e-03 -6.346082649641839740e-03
-1.573230110950500471e+00 -2.442451151784772012e+00 2.579468988141980779e-02 5.865664419005019170e-02 -1.902196394412175584e-02 -7.438795183414673162e-02 -1.364153739938323354e-02 -3.226530646859020884e-02 -2.962350900699829703e-02 -2.658575264383321660e-02 2.367658315149796366e-03 -2.370242766630959287e-04 -3.705816810127692158e-03 4.455869988393301880e-04 -1.365647718035221253e-02 -7.830424319643807841e-04 6.925401037554483261e-03 3.604453938447996480e-03 1.632305244616011342e-02 -6.392569751037632114e-03 -6.200406118450615088e-03
-1.573876732917228738e+00 -2.442696819036514366e+00 2.598609805437501058e-02 5.815276454887312318e-02 -1.888849720658535708e-02 -7.446534972958454568e-02 -1.376533102999936281e-02 -3.240232941077918205e-02 -2.960377878262600640e-02 -2.647793685545215409e-02 2.202893176161318644e-03 -1.331451851962695476e-04 -3.749558555370572938e-03 5.596560102693520561e-04 -1.392610491115301927e-02 -1.450198986283376349e-03 6.649887665555883134e-03 3.797782861340602556e-03 1.642383440310018344e-02 -5.704736874358385355e-03 -4.775725178502433083e-03
-1.574801401655214317e+00 -2.442965022138107845e+00 2.565963119472160561e-02 5.644803297451913421e-02 -1.860332260922911360e-02 -7.355822579323387234e-02 -1.379586205400923880e-02 -3.262762551738173505e-02 -3.097836084989872424e-02 -2.821785683429864355e-02 1.925160610426039772e-03 -2.258522375240592237e-04 -3.574540737490553618e-03 9.830992646303986227e-04 -1.393937133918819044e-02 5.741814512549327232e-05 6.955969126788205149e-03 4.133149972700642279e-03 1.619456561141274786e-02 -6.523976315756240506e-03 -6.342702625177004325e-03
-1.577739841139205401e+00 -2.448605920091618593e+00 2.625055173762862876e-02 5.856118692137447790e-02 -1.833905416703426189e-02 -7.300089439132219360e-02 -1.329017070104747400e-02 -3.210581848317879683e-02 -2.990028178458982097e-02 -2.805297420822883137e-02 2.000274064699323392e-03 4.979221256827098254e-04 -3.624504009820821854e-03 1.007184658154981847e-03 -1.266186716204066587e-02 5.282906335977236294e-05 6.846449582146113544e-03 3.994657391712631497e-03 1.537361602086517037e-02 -6.777122791869354818e-03 -6.406348259374872352e-03
-1.579566464551416693e+00 -2.450299278295823058e+00 2.604145307142110774e-02 5.819784681825090206e-02 -1.801902437627716375e-02 -7.306434042792050998e-02 -1.334181361403371027e-02 -3.240320468393666914e-02 -3.036506979210529950e-02 -2.826501535888567215e-02 2.467977882238351923e-03 3.590584501644074225e-04 -3.377740681975527001e-03 1.006996423039113742e-03 -1.320394001737474308e-02 8.162933257940073310e-05 6.858957675656943316e-03 4.300773938735952609e-03 1.496930281604287247e-02 -7.079340871255264053e-03 -6.839746616100749257e-03
-1.578227859229105245e+00 -2.448279499173108498e+00 2.654323306486813458e-02 6.037083820868388573e-02 -1.802219523378027766e-02 -7.338306392802179667e-02 -1.406487670217520559e-02 -3.413060678060900188e-02 -2.973131080804317095e-02 -2.698708719270536543e-02 2.243117883186378399e-03 3.884638965178662624e-04 -3.745014938380367836e-03 1.582834529445693861e-03 -1.179877749868753038e-02 5.298512649907458376e-05 6.361482581309746767e-03 3.374570383830829880e-03 1.295962307271192326e-02 -7.131300537656171459e-03 -7.543829556073933587e-03
-1.577742268564725103e+00 -2.447215851126347985e+00 2.650580056427363079e-02 5.923122216345019786e-02 -1.798451363260683208e-02 -7.368436591444074701e-02 -1.401982065755567886e-02 -3.546015346795310802e-02 -2.917871866013336049e-02 -2.641593587095198217e-02 3.285521779963316603e-03 7.125074656929263062e-04 -3.428916385149714807e-03 1.991101181464772357e-03 -1.175701213478402493e-02 1.025595499249670490e-03 6.654188332617614991e-03 3.896164738794248138e-03 1.379227685654239345e-02 -7.214156774672105324e-03 -8.085902169004855963e-03
-1.580228236485947457e+00 -2.451575036271142594e+00 2.689078607408025914e-02 6.011105433917809243e-02 -1.804416086898756252e-02 -7.367517942558279853e-02 -1.382626332177949030e-02 -3.682898709482088084e-02 -2.938278150532623936e-02 -2.630406746950422411e-02 4.556689007190256255e-03 1.158222167577251539e-03 -2.692461513716613679e-03 2.062592083580623570e-03 -1.105157519498349734e-02 6.198428991452571701e-04 6.526729922186973697e-03 3.906110533020261573e-03 1.381472915214052716e-02 -7.202963968454662545e-03 -7.425973183299015498e-03
-1.577241620218020390e+00 -2.446443200899906856e+00 2.567810256815718575e-02 5.602546777797870470e-02 -1.840955098584226568e-02 -7.456210101506148547e-02 -1.345052603514985089e-02 -3.488504460340589169e-02 -2.945491223423763599e-02 -2.532657727919227636e-02 3.577453850002436896e-03 9.911840187349499950e-04 -3.041125059422552374e-03 1.543558099170916917e-03 -1.214040772184307726e-02 1.252895083923476205e-03 7.149416742727358366e-03 4.572416946987921393e-03 1.567280422602967613e-02 -7.391872637154409814e-03 -7.645223076965175155e-03
-1.574823677281829593e+00 -2.443510199015589635e+00 2.571977446832319353e-02 5.560816476031445188e-02 -1.839153998183042787e-02 -7.431225499510331345e-02 -1.369341233313002906e-02 -3.487313071373077805e-02 -2.946256789283795141e-02 -2.567457652835475682e-02 2.650484176429296779e-03 8.831040116804082752e-04 -3.453008544316509866e-03 1.608154663173171853e-03 -1.217770147734181449e-02 1.507747146479554868e-03 7.130555177887938981e-03 5.018172129782783042e-03 1.579432216795595423e-02 -7.076113190573623049e-03 -7.039284400491692580e-03
-1.575431969072737193e+00 -2.444919304266175430e+00 2.635172999815638475e-02 5.757448027113492434e-02 -1.838031236081394404e-02 -7.393614955040911374e-02 -1.353047070513913389e-02 -3.528671688818060120e-02 -2.971567295121989305e-02 -2.688333638232525552e-02 3.125811910662345053e-03 6.923380496540981321e-04 -3.377321006969593274e-03 1.554689116112901353e-03 -1.154345662794292390e-02 8.569146003682124625e-04 7.317399107136443419e-03 4.723386983786271621e-03 1.521858064996762898e-02 -6.845568185599912835e-03 -6.197454017683024993e-03
-1.575073870259148467e+00 -2.444803175440280363e+00 2.661707702589583002e-02 6.016186467929131310e-02 -1.822256549632934874e-02 -7.413259983639035322e-02 -1.423666658383044431e-02 -3.674285994104106723e-02 -2.995874163998912820e-02 -2.622472257973290644e-02 2.841951693789880259e-03 7.975073298658398634e-04 -3.714216404240450794e-03 1.909187195431130604e-03 -1.208086713708283327e-02 -2.768982059177362356e-04 5.957005357282814904e-03 4.144463646921310064e-03 1.380587320964961860e-02 -6.590208054507133359e-03 -5.928614672863856232e-03
-1.576044455186465854e+00 -2.445765002879058070e+00 2.690854998417317040e-02 5.813158361612998787e-02 -1.793705471611702421e-02 -7.361536533008528060e-02 -1.384024092461609741e-02 -3.591430372594517362e-02 -3.000060942828790961e-02 -2.665881280201532616e-02 3.267331965502686970e-03 1.058018455556984259e-03 -4.106243163971152500e-03 1.519677279078055897e-03 -1.193838918288936575e-02 1.100042081324890909e-03 6.814037999632862816e-03 4.958348459715284512e-03 1.391188437481899638e-02 -6.665561985852817319e-03 -5.990886927040757481e-03
-1.574618106446860066e+00 -2.443411660007897890e+00 2.670128552490828866e-02 5.725046960162746140e-02 -1.815575677477948915e-02 -7.470469042314706321e-02 -1.380934315157292258e-02 -3.561526717551204146e-02 -2.940816052459088725e-02 -2.472766491139497327e-02 3.814860836662103960e-03 7.802218203642695676e-04 -3.715392679663299252e-03 1.317907935783912705e-03 -1.316727917180850194e-02 1.178549254470503569e-03 6.899463335816298157e-03 4.955176377892300289e-03 1.486989838036676011e-02 -6.917146779371130885e-03 -6.570607814752659447e-03
-1.574024418959661054e+00 -2.442607832197622564e+00 2.641408932218336156e-02 5.841508732064604886e-02 -1.863351957280446822e-02 -7.540700050846166347e-02 -1.392317462504229740e-02 -3.525441350173280641e-02 -2.926205438397726927e-02 -2.440443946242518147e-02 3.606180678930073682e-03 9.566573095671200653e-04 -3.502863991642526497e-03 1.346648434160782832e-03 -1.275895160954743437e-02 -4.897176375587207432e-04 6.335688340822411870e-03 4.334045376189986191e-03 1.416804117851257205e-02 -6.589783681155588629e-03 -5.659235432479285330e-03
-1.575114021825326782e+00 -2.445140657439704768e+00 2.672398491609535159e-02 6.080859589355122607e-02 -1.872409173802412966e-02 -7.506529285768878679e-02 -1.356336223274704628e-02 -3.666959995972288860e-02 -2.955596820844803158e-02 -2.509055558129101929e-02 4.591199730647957736e-03 4.967604065333245354e-04 -2.816968299998225470e-03 1.790817537323202095e-03 -1.237714981166686268e-02 -4.368348681114161795e-05 6.628853959627265327e-03 3.780526832619162184e-03 1.395880511068477332e-02 -7.336823742084660344e-03 -6.939308924923811087e-03
