-1.609103969015740265e+00 -2.498000996318186395e+00 2.766481304312446918e-02 6.527812957802332783e-02 -1.331109989530611208e-02 -7.307277986532435821e-02 -1.340947799378741992e-02 -3.209608422993285443e-02 -2.132326478742029366e-02 -7.689406343490945081e-03 3.911147892653692518e-03 2.023662017665985122e-04 -2.783220030587172430e-03 5.796852533227417207e-04 -1.896797402590721937e-02 -3.881831140296458562e-03 5.754567813121566101e-03 7.919353549258170699e-03 1.098716953875936500e-02 -5.201169796802440279e-03 -3.905752109622723841e-03
-1.602758537586641774e+00 -2.488741673520797448e+00 2.768407327012443325e-02 6.360723964357009597e-02 -1.406047914189320971e-02 -7.329669885378296834e-02 -1.383952082103331177e-02 -3.386163979544307839e-02 -2.383789831013535462e-02 -1.136368823483861756e-02 3.826148170472858621e-03 -1.291065339195190910e-04 -2.559755366734448728e-03 8.836683359501986464e-04 -1.775985090201470662e-02 -2.129320752117714113e-03 6.520776068485673559e-03 7.513893588011745853e-03 1.230663201222028692e-02 -5.838206035994048318e-03 -4.921036404691511365e-03
-1.599267028992610085e+00 -2.483050483351656013e+00 2.730875617661852883e-02 6.188655396891848404e-02 -1.456862373947368471e-02 -7.390811322438192721e-02 -1.425000262065850148e-02 -3.508392234796733206e-02 -2.540405127530373161e-02 -1.386568451135905197e-02 3.776108604592836541e-03 8.347604542493762699e-06 -2.581380445131138852e-03 1.069563363146654612e-03 -1.611200312541253774e-02 -2.095968234884503477e-03 6.429790271884929832e-03 7.406124209607712304e-03 1.247814569406727192e-02 -5.581819882306451007e-03 -4.539042043925500466e-03
-1.596904754514725910e+00 -2.479363190245487569e+00 2.682727101399396546e-02 5.990259230381454053e-02 -1.496527653676744431e-02 -7.417035996097839923e-02 -1.469689677168559659e-02 -3.640650269978908116e-02 -2.690620146304727872e-02 -1.572067203621056383e-02 3.618350978940419391e-03 -8.542912857298156455e-05 -2.716421051287120497e-03 1.309720011681483583e-03 -1.529155495308481653e-02 -1.257250015863421591e-03 6.734458875067553599e-03 7.521866627060130699e-03 1.343024680309486650e-02 -5.777683776314211303e-03 -5.272355876453560172e-03
-1.595247292455646448e+00 -2.475893842662383548e+00 2.691698274066823757e-02 6.065551105846836433e-02 -1.527304638238078348e-02 -7.454882536001822269e-02 -1.527976631678511915e-02 -3.753845353439243249e-02 -2.787312694611720348e-02 -1.774954116072807037e-02 3.281105797704392864e-03 7.354458678335134560e-05 -2.929852621767239842e-03 1.545493657960871330e-03 -1.359281921616664786e-02 -1.200834608591831243e-03 6.386604307995857703e-03 6.819246756084779149e-03 1.179681748717867698e-02 -6.275093043929913343e-03 -5.819862171958876257e-03
-1.592471504120251069e+00 -2.472146493238696507e+00 2.703408965976184311e-02 6.056622770107440712e-02 -1.552379210744215393e-02 -7.432574546113962510e-02 -1.537015456877740063e-02 -3.885425882991921237e-02 -2.917206345675426443e-02 -1.958513765496442197e-02 3.751864826302541735e-03 -4.700791166091444968e-05 -2.861671671658793780e-03 1.757284401087785830e-03 -1.302596461223659227e-02 -1.113514251194677599e-03 6.573243061934344253e-03 6.565221418018158707e-03 1.228256874948413860e-02 -6.219041484887641996e-03 -5.668163933992949322e-03
-1.591755079276507834e+00 -2.471131566412972713e+00 2.653659801324958004e-02 5.957327144098033961e-02 -1.585931563196636696e-02 -7.462385410406396913e-02 -1.566588498253402087e-02 -3.936837731636892712e-02 -3.010791354644748105e-02 -2.033180643229933957e-02 3.333567834350047773e-03 -5.777579569331506445e-05 -3.102831933292375145e-03 1.767613832842757126e-03 -1.311557893394427882e-02 -1.234390360083304026e-03 6.491833553814640653e-03 6.408316538588876461e-03 1.303865739619069868e-02 -6.287795973421045695e-03 -5.624214596975932873e-03
-1.590219962494070938e+00 -2.469096217237022550e+00 2.714911487672799426e-02 5.940763759302039593e-02 -1.621867967051304760e-02 -7.489952994318507806e-02 -1.624071484353953321e-02 -4.076844375276426902e-02 -3.082252332374360929e-02 -2.117862512499728636e-02 3.396998474261741022e-03 1.304769578038244822e-04 -3.141765576719663701e-03 2.136414850511285206e-03 -1.252292842046669186e-02 2.576101909380558615e-04 6.983308162280594047e-03 6.220336445152563169e-03 1.344525527798346755e-02 -6.464445416181703770e-03 -6.276485262104152668e-03
-1.588773319770834025e+00 -2.467537748407488962e+00 2.723216319291723447e-02 5.982191545168481089e-02 -1.641718421179079457e-02 -7.503807460849455657e-02 -1.626898270738145677e-02 -3.997011065775624844e-02 -3.066086723127654790e-02 -2.197752023490189693e-02 3.038529431564519680e-03 8.530606004161160171e-05 -3.352716551919234216e-03 1.814961451233407545e-03 -1.237604274296244186e-02 -2.612712914367926534e-04 6.630707978891835219e-03 6.271915950111867089e-03 1.376621593700001756e-02 -5.895688388476120687e-03 -5.748523059142522651e-03
-1.589520435820739985e+00 -2.468525939557791204e+00 2.722227361223766851e-02 6.070380809301732794e-02 -1.626345852700446237e-02 -7.444468788148092542e-02 -1.607912700918347204e-02 -4.011618504234481380e-02 -3.113292903353392233e-02 -2.306556334859826557e-02 3.265919286943915183e-03 3.177764271954691862e-04 -3.531988530643608709e-03 1.771586279850531761e-03 -1.167054406207983057e-02 -1.684275841173264125e-04 6.553024367081519003e-03 5.850974730922855332e-03 1.307020001280233094e-02 -6.357157494346693354e-03 -6.436145942813749701e-03
-1.588301669607009803e+00 -2.466894330940990088e+00 2.709878237064013151e-02 6.074367077915822366e-02 -1.640783422593992263e-02 -7.452492667085408584e-02 -1.634671214266842157e-02 -4.073153881310005026e-02 -3.154035664423893159e-02 -2.377799347760349222e-02 3.264926185355578568e-03 5.381185608088513705e-04 -3.520274237488138849e-03 1.957299876519785591e-03 -1.101166268360029808e-02 -5.648846209537081381e-04 6.355615737536748910e-03 5.685629911296840276e-03 1.316470742046386283e-02 -6.186454687257360481e-03 -6.204507457784523561e-03
-1.588691534247918646e+00 -2.466985472951327640e+00 2.683450785086001489e-02 5.941097617572880379e-02 -1.623911889138254100e-02 -7.427125516158751550e-02 -1.635742622115241018e-02 -4.164420863998374855e-02 -3.160561346317828507e-02 -2.399464626121855515e-02 3.545768959704785183e-03 5.971460192096227212e-04 -3.532917356096783573e-03 2.321060247758358758e-03 -1.029933201860579878e-02 1.347941054148804217e-04 6.779238036158473715e-03 6.033589279919489290e-03 1.332181388481532523e-02 -6.370105088912373162e-03 -6.662375048587207069e-03
-1.588962402351923320e+00 -2.467999279537932189e+00 2.732784682872985843e-02 6.091507200650587983e-02 -1.613318019503619943e-02 -7.407296080291106422e-02 -1.646628334991297529e-02 -4.258404710281091937e-02 -3.173126896543437131e-02 -2.415155451684372623e-02 3.874171304245541125e-03 9.117975523737801777e-04 -3.505653838199860282e-03 2.510030786084463048e-03 -9.409441147254253221e-03 -1.781439607775742173e-04 6.395590234849550006e-03 5.896489797847825551e-03 1.219984482093284563e-02 -6.241469121694527208e-03 -6.290562575316409506e-03
-1.588337259314848371e+00 -2.467296172370963880e+00 2.727906437046970223e-02 6.068981956151971863e-02 -1.647314868233118110e-02 -7.446032772258272259e-02 -1.667557969102620441e-02 -4.402957552682712494e-02 -3.196656994960267451e-02 -2.394957476126257853e-02 4.335698866034808779e-03 7.756542208231469561e-04 -2.984886143251239826e-03 2.943323049747897935e-03 -8.960564334502147191e-03 -3.129296468416747174e-04 6.701223455198291462e-03 5.629887964490104188e-03 1.259112635906777834e-02 -6.382220128139456591e-03 -5.952242176983832053e-03
-1.587430266020696479e+00 -2.465533002676584484e+00 2.743614406049870239e-02 6.017565094948273269e-02 -1.660940829940414643e-02 -7.458375543759281079e-02 -1.659516673846597734e-02 -4.372918695061921157e-02 -3.234072890988684557e-02 -2.433993815851178549e-02 4.406337305716799720e-03 8.927464486891605131e-04 -3.150318264426092609e-03 2.712589767498916043e-03 -8.480523261090468917e-03 4.887590449361542584e-04 6.856876749074102689e-03 5.703060310057329017e-03 1.178426522171902371e-02 -6.537518171749017760e-03 -6.444907438777714402e-03
-1.589111067735887506e+00 -2.467591457488552020e+00 2.692054196117358786e-02 5.923138199475325855e-02 -1.651681655385063910e-02 -7.448225815835772534e-02 -1.660313911554808786e-02 -4.403700036990758349e-02 -3.254437006947702438e-02 -2.460271911836816108e-02 4.667990007237896380e-03 8.958755484832789471e-04 -2.959507001527494820e-03 2.741161949604533233e-03 -8.490683078890960342e-03 4.067368686446259994e-04 6.770116242721717359e-03 5.985810053110105985e-03 1.236903531779029453e-02 -6.526428431300248037e-03 -6.732184657846668197e-03
-1.588040448454757891e+00 -2.466249002819808300e+00 2.718090308331996482e-02 5.962369117347626757e-02 -1.672221484554300280e-02 -7.476693945955531495e-02 -1.628415676608688245e-02 -4.374108447363664331e-02 -3.206221233700105172e-02 -2.423076007135614024e-02 4.630118498346698884e-03 1.005537247929538585e-03 -2.793077982485862344e-03 2.692964044070269517e-03 -8.198213871365484309e-03 8.753005746864082415e-04 6.625085481086108626e-03 5.725558176672119158e-03 1.244321601864268115e-02 -6.515871912878443313e-03 -6.948350495411252659e-03
-1.590667261680666522e+00 -2.470572053830087267e+00 2.736242879854059243e-02 5.987702659941408767e-02 -1.663488286306522360e-02 -7.406437681344554824e-02 -1.598475163958797129e-02 -4.248256704207925560e-02 -3.199411936733993073e-02 -2.579847161569933170e-02 4.180746494911561327e-03 8.757107186723181924e-04 -2.775093015379130439e-03 2.334761375941907680e-03 -7.342719831769752188e-03 6.841725533808989740e-04 6.982572836677507049e-03 5.898697511955887894e-03 1.262932156550195320e-02 -6.453070180430443142e-03 -6.453916646492422610e-03
-1.588624038541721184e+00 -2.467580588424978849e+00 2.687401586993917041e-02 5.905977526640868169e-02 -1.678373469708387480e-02 -7.425049943676244324e-02 -1.587528619522833584e-02 -4.119998577148909630e-02 -3.173973119735278708e-02 -2.535495742048387430e-02 3.584055939571534777e-03 1.015713305001737093e-03 -3.141979864907738784e-03 1.948166807786403830e-03 -7.481115512049107096e-03 6.434037391297821925e-04 6.832024539538590797e-03 5.787097328979607172e-03 1.273538456811141445e-02 -6.407430795333377699e-03 -6.536576054255878974e-03
-1.589400970992758566e+00 -2.469078055669615246e+00 2.763942419027476741e-02 6.113462535182542790e-02 -1.667050997263487544e-02 -7.399299752637913952e-02 -1.566890521915167978e-02 -4.142004036986111221e-02 -3.184740753330633084e-02 -2.594765999622841712e-02 3.996779166467658018e-03 1.178238163805394884e-03 -2.879182322361745466e-03 1.917386059087473069e-03 -7.139739788653847938e-03 8.160119796563398325e-04 6.498913128190285035e-03 5.523262835410947154e-03 1.159798319646554096e-02 -6.452928220588937877e-03 -6.474058327691963391e-03
-1.589699313715324358e+00 -2.469505878488174488e+00 2.790183009168689318e-02 6.165869886781361747e-02 -1.642874127419456654e-02 -7.372357089288605891e-02 -1.590172005406683547e-02 -4.134612175754032171e-02 -3.194356584201061416e-02 -2.617858970569518148e-02 3.749805984735011567e-03 9.792962012992914144e-04 -2.905050979708570513e-03 1.884194070369701011e-03 -8.211204721493286715e-03 7.790490815960057509e-04 6.615470997155521379e-03 5.508637515253957812e-03 1.229387953113130622e-02 -6.503439100696496895e-03 -6.333502855287289311e-03
-1.590901657984260531e+00 -2.470942937048098642e+00 2.729187693423919259e-02 6.080156668536614017e-02 -1.640491282032539161e-02 -7.395732399261079060e-02 -1.545736014788860746e-02 -4.078600705449417219e-02 -3.162210002527715558e-02 -2.582565727438125916e-02 4.033142940758960293e-03 1.048260182938902819e-03 -3.126845085023991812e-03 1.618930460805365415e-03 -8.318208880371037034e-03 4.340983458207665034e-04 6.477011060128904860e-03 5.777839837076447112e-03 1.243999297813696593e-02 -6.547118568269111663e-03 -6.567800454430911677e-03
-1.590183575409060079e+00 -2.470213214067034535e+00 2.718344263278613462e-02 6.044481745234453474e-02 -1.625310123057314982e-02 -7.370019311833585218e-02 -1.533933054179980292e-02 -4.054748218675034710e-02 -3.181401822782316952e-02 -2.612497493226383430e-02 4.212284749740809534e-03 7.636738183338947659e-04 -3.153615756372897278e-03 1.535485663865941664e-03 -8.749478587029665966e-03 6.930236431785408852e-04 6.665142137762168628e-03 6.084326358222065870e-03 1.277445040156724096e-02 -6.506179785781678396e-03 -6.879462015804579250e-03
-1.589674430578966291e+00 -2.469452770691660248e+00 2.755939615070727294e-02 6.310635349072588052e-02 -1.631580085687147838e-02 -7.391244690894314961e-02 -1.601621077282405076e-02 -4.163608117363397365e-02 -3.183765765081839061e-02 -2.568050900123452704e-02 3.924629813730732761e-03 7.312715095874264271e-04 -3.107461171576404290e-03 1.866571342110592922e-03 -7.953810829153152781e-03 -7.148309525564011191e-04 5.895156615915612269e-03 5.126859513706527940e-03 1.092155456167990049e-02 -6.170407005960741598e-03 -6.221059024831183254e-03
-1.589483510440698799e+00 -2.469250019968926235e+00 2.777499599734179619e-02 6.319972040994914497e-02 -1.619471619003509319e-02 -7.382543213693257278e-02 -1.590296736341410139e-02 -4.120939197283546296e-02 -3.160654336000420783e-02 -2.553073770315908778e-02 4.032060175967811140e-03 6.737625345686605550e-04 -3.275474988977187477e-03 1.735454819559686165e-03 -8.017787463287070343e-03 -5.995295120143286256e-04 6.092618335651265628e-03 5.300728729389003399e-03 1.084270669290324403e-02 -6.215887778108983297e-03 -6.421700663090067901e-03
-1.588795497477787588e+00 -2.468665658337026336e+00 2.806386654684868767e-02 6.488594648680143240e-02 -1.621273396226677321e-02 -7.349647176224700929e-02 -1.600279878624152538e-02 -4.130431075611545183e-02 -3.178718977475196439e-02 -2.586379861656092072e-02 3.888487447784582350e-03 7.620421029047055829e-04 -3.317423276073669901e-03 1.754916550182577693e-03 -8.407949864135948193e-03 -1.061137641045693282e-03 5.980348855912682657e-03 4.681082021548121398e-03 1.096477604570542282e-02 -6.636936047226095828e-03 -6.554498106298393446e-03
-1.589405843475775182e+00 -2.469701339861150924e+00 2.819526557696000121e-02 6.530442013583338812e-02 -1.612380208396297504e-02 -7.334112002271915565e-02 -1.596798928842425858e-02 -4.207852405116351002e-02 -3.206190752695032425e-02 -2.614805382983222126e-02 4.510703451261423649e-03 1.152004395462823388e-03 -3.287316157628580524e-03 1.997117548443582292e-03 -8.319371432304819430e-03 -1.152060581634586738e-03 5.699395012121184594e-03 4.611793096632774147e-03 1.046664558056806596e-02 -6.538452699482491179e-03 -6.121282867916328675e-03
-1.589414525922114407e+00 -2.469527397165262705e+00 2.802083275087430964e-02 6.512991079285482265e-02 -1.629732089316767579e-02 -7.337911693599802332e-02 -1.588407396343654437e-02 -4.256737138890525490e-02 -3.221673443961511896e-02 -2.636674390675713617e-02 4.593484437415916097e-03 1.314435888339817587e-03 -3.276615556769878548e-03 2.290123449632490340e-03 -8.170190606639786066e-03 -9.842378398281163409e-04 5.836005513139506592e-03 4.443589165619661607e-03 1.072406701900423601e-02 -6.785637380900239046e-03 -6.405707843339198890e-03
-1.590083744355706763e+00 -2.470279918076070391e+00 2.806336720748104849e-02 6.519680376831879509e-02 -1.614595725035918722e-02 -7.357978156627381638e-02 -1.571050896125688462e-02 -4.133178103314572027e-02 -3.165150354507408059e-02 -2.563346000660340560e-02 4.098953015514584207e-03 1.108758673032900297e-03 -3.355274235194925271e-03 1.928362692128397868e-03 -8.934743454939402321e-03 -1.509202864140136687e-03 5.500481362700411145e-03 4.657558510817799528e-03 1.063340552741490197e-02 -6.211828841339980291e-03 -5.502663821134879361e-03
-1.588625773946970021e+00 -2.468187307297994959e+00 2.803932719877180735e-02 6.468253263998208213e-02 -1.631405244666747287e-02 -7.388214193746057978e-02 -1.582307875648918116e-02 -4.046088317562974990e-02 -3.129532786774465170e-02 -2.510787684681313470e-02 3.451017509831530092e-03 9.772292489215667673e-04 -3.358501281815300110e-03 1.686287182016796889e-03 -9.398398189608605374e-03 -1.442109204910543190e-03 5.337169830751158084e-03 4.627265045230697857e-03 1.111167603429160516e-02 -6.053340068356357836e-03 -5.378253677778605316e-03
-1.589000945401846998e+00 -2.468367067581705765e+00 2.801258955216931815e-02 6.380476379937435882e-02 -1.630559603242670227e-02 -7.378157690614103870e-02 -1.593476338615475857e-02 -4.079034054901356510e-02 -3.148627946331281763e-02 -2.539879842206746452e-02 3.503096880893731037e-03 1.002838246363118094e-03 -3.308217105275357457e-03 1.817200333895552418e-03 -9.300922037061887943e-03 -1.454027845527196532e-04 5.834897531587910323e-03 4.729840377601049299e-03 1.152748405999057951e-02 -6.606625834623227819e-03 -6.608910388664339386e-03
-1.589877799098429412e+00 -2.469907323469963334e+00 2.808842340764729564e-02 6.420379474870394065e-02 -1.606104254945987103e-02 -7.345018588275227522e-02 -1.621317094071494588e-02 -4.165784826723752804e-02 -3.196830958520071458e-02 -2.580780102825740857e-02 3.674248338660929345e-03 1.170530493644071721e-03 -3.272818571274733503e-03 2.070945409384143156e-03 -9.613114691358254360e-03 -5.323280585602777103e-04 5.702597392372839302e-03 4.867930481612882734e-03 1.164363009259509855e-02 -6.495376240877384633e-03 -6.107888779508467009e-03
-1.588501420972662892e+00 -2.467735385880239551e+00 2.762910729585164871e-02 6.232480088292266518e-02 -1.623631621929021163e-02 -7.344303968104326508e-02 -1.588142159726019936e-02 -4.027989390124282060e-02 -3.245329611375252082e-02 -2.625852242418346902e-02 3.452388968960607742e-03 1.219355436148951248e-03 -3.420678653136009599e-03 1.528276108270080038e-03 -1.038122486509595287e-02 -1.545083078118229380e-04 5.844713861686568965e-03 5.218377004792616562e-03 1.247285239555295626e-02 -6.729346533779843008e-03 -6.263518343690266388e-03
-1.586615554150931695e+00 -2.464692101002288638e+00 2.709079246817964332e-02 6.062145449837232081e-02 -1.631854859456367129e-02 -7.376415443056459631e-02 -1.569723284399570512e-02 -4.039918206125939215e-02 -3.212044727099633984e-02 -2.580694650601278103e-02 3.638605227676271984e-03 1.133582019424656060e-03 -3.295697134080581483e-03 1.547381237955159066e-03 -1.005518845697030150e-02 -1.413662507968536095e-04 5.869705551440364093e-03 5.685478879077041948e-03 1.292909885450859928e-02 -6.479811568744341804e-03 -6.088692539803305069e-03
-1.587873448861099934e+00 -2.465869174128068053e+00 2.689469849098295728e-02 5.970786251720038018e-02 -1.655605035285056398e-02 -7.439938682493549282e-02 -1.559190876079759487e-02 -4.115041602101979223e-02 -3.191397164784942619e-02 -2.501535771973142225e-02 3.953321769901628653e-03 1.162656172291697378e-03 -3.298725933097958023e-03 1.787925123546228040e-03 -9.709559428317374175e-03 -2.246745463743901865e-04 6.250834902650626371e-03 5.633967913819598258e-03 1.304410928770914635e-02 -6.439825736511427083e-03 -5.699816517519764800e-03
-1.587447680071834455e+00 -2.465265069703336032e+00 2.656629637368210575e-02 5.929185958875706625e-02 -1.647249181294171624e-02 -7.452359159069797678e-02 -1.577832634321464644e-02 -4.157028093599500485e-02 -3.192784424788139286e-02 -2.446726017511595408e-02 4.349038466772673847e-03 1.279563947217332185e-03 -3.094513534502157069e-03 1.945266306661169080e-03 -9.955895885823282110e-03 -2.129667736810500597e-04 6.267912602339459176e-03 5.665204562445375069e-03 1.335586592099653573e-02 -6.826668913998391007e-03 -6.412262331256487688e-03
-1.588026873191593635e+00 -2.466215755832848799e+00 2.673562594930396080e-02 6.065519076532040893e-02 -1.634336202827247134e-02 -7.458314420684850066e-02 -1.568527818798044066e-02 -4.205920499108033173e-02 -3.151451283356260930e-02 -2.410117694536315427e-02 4.967257530296840390e-03 1.505257861580909778e-03 -2.937504866723046702e-03 2.218645690668235703e-03 -9.318457312569075265e-03 -5.402658063363094138e-04 5.778853790012542825e-03 5.242369196706567029e-03 1.240189592048712708e-02 -6.794617553091429618e-03 -6.751781195441404482e-03
-1.587740550416500307e+00 -2.465790606600799073e+00 2.704678864586340312e-02 6.061514642564307803e-02 -1.641079413229065004e-02 -7.457711776861924990e-02 -1.590598161338142510e-02 -4.206871970853680309e-02 -3.164563971477443033e-02 -2.464390945135913266e-02 4.620484955744921796e-03 1.950185621488781124e-03 -2.887989507743714789e-03 2.131068581467529359e-03 -8.630476971316226875e-03 -2.076915493553756979e-04 5.768743551310084178e-03 5.394717988527521386e-03 1.202182031545920814e-02 -6.959984619665616351e-03 -6.546263539744733365e-03
-1.588940449725749327e+00 -2.467609164346092232e+00 2.694954433097501711e-02 6.033854646653969561e-02 -1.629205046477424923e-02 -7.414823110200688405e-02 -1.592736450973160009e-02 -4.127587803901726360e-02 -3.145002565207051515e-02 -2.501111918667038581e-02 3.853388598593442734e-03 1.984677025170592402e-03 -3.175728439141867025e-03 1.901584732409228318e-03 -8.207636943182888487e-03 3.792642283529216746e-04 5.577070047563673430e-03 5.788534726823135225e-03 1.186211020383147116e-02 -6.934853152943629487e-03 -7.216478941682398854e-03
-1.587874709658083638e+00 -2.465671975725395537e+00 2.706417202735562563e-02 5.914133774792291326e-02 -1.641087941839267442e-02 -7.450847564660369182e-02 -1.615096057252013786e-02 -4.155123996198816644e-02 -3.141664891015467226e-02 -2.469024007397719114e-02 3.616854091892224374e-03 1.564298703957033932e-03 -3.104635445742387131e-03 1.997409536015425958e-03 -8.752210295857040107e-03 1.283953817528228278e-03 6.200171713913056257e-03 5.962324814068021075e-03 1.277892282820828479e-02 -6.810329184765866184e-03 -7.152317603903243434e-03
-1.587650855858622645e+00 -2.465790395919173150e+00 2.729757953959966940e-02 5.928140434597223285e-02 -1.655280595743060384e-02 -7.465614805133669041e-02 -1.623132576034169022e-02 -4.146965704410116027e-02 -3.138986850532685807e-02 -2.438522380884966881e-02 3.253757132007141246e-03 1.307484216120502604e-03 -3.034241870735458150e-03 2.038609101331958270e-03 -9.046950579371900933e-03 1.446692556146215525e-03 6.551601411006998180e-03 6.021454122195902571e-03 1.311116250091722175e-02 -6.828346565863240708e-03 -6.813481198096274331e-03
-1.588470361077549908e+00 -2.466815931858042710e+00 2.720675498436532502e-02 5.873014288468290933e-02 -1.656776996504629590e-02 -7.425660940905644269e-02 -1.638034543593531317e-02 -4.147425001430735114e-02 -3.234707576979493904e-02 -2.572816504236684343e-02 3.372177089995680686e-03 1.191395769558819704e-03 -2.993937301641977355e-03 1.870246459355992368e-03 -9.397745746543988837e-03 1.188278509824924325e-03 6.750523735032748669e-03 6.146212095145206673e-03 1.379328713835757322e-02 -6.793857356860654242e-03 -6.555829465269072398e-03
-1.588580957967457907e+00 -2.466347435790144704e+00 2.754513992427360530e-02 5.861417749374736585e-02 -1.668378092327923654e-02 -7.447118695319454584e-02 -1.598682182936151525e-02 -3.974188246507937006e-02 -3.213103864139189858e-02 -2.604112269627602977e-02 3.002062659394317580e-03 6.075557561219804229e-04 -3.222793724497621456e-03 1.313483721785028936e-03 -1.038433010129642328e-02 1.703292454504424678e-03 7.351140223459855585e-03 6.163423563684598469e-03 1.424333337573069173e-02 -6.974045718441344507e-03 -6.817868084320792901e-03
-1.589588648809331151e+00 -2.469047576068315486e+00 2.762619130039765947e-02 6.035010463035599820e-02 -1.647122748521490099e-02 -7.401160688527826104e-02 -1.604404221049845689e-02 -3.964608047472515523e-02 -3.186135114125859119e-02 -2.595228171929387165e-02 3.078074042581160474e-03 5.213992600746773700e-04 -3.280582953169192649e-03 1.231636368445969409e-03 -1.063787073129338415e-02 7.134535811820988263e-04 7.054453379057271274e-03 6.184699649454375794e-03 1.407340838718162783e-02 -6.895604639475880725e-03 -6.643846696787017968e-03
-1.588902595679453578e+00 -2.468195010269351730e+00 2.752986920849942801e-02 5.896408719785608404e-02 -1.625844953078985425e-02 -7.358237308188009251e-02 -1.607650142455020748e-02 -3.915837647351461115e-02 -3.182326543242899874e-02 -2.658757189398088319e-02 2.593268046967973483e-03 4.690854233295484437e-04 -3.430220012330842394e-03 1.181774238336549083e-03 -1.029323543731161354e-02 1.872974169485177968e-03 7.675907091533869936e-03 6.896054238799163155e-03 1.470944642424522504e-02 -7.135984818560119590e-03 -7.361446065451559759e-03
-1.588600129691583041e+00 -2.468050910182208124e+00 2.759886934267412328e-02 5.925804052940390060e-02 -1.646128761436909185e-02 -7.413025540654397116e-02 -1.621322471827534376e-02 -4.014976922241667023e-02 -3.143428360649189873e-02 -2.534402068661802468e-02 2.791229168346920711e-03 4.123908741136740217e-04 -3.632821371876208700e-03 1.326434856858516465e-03 -9.900668833845691769e-03 1.630923991148143645e-03 7.561400528015411147e-03 6.829770001864003508e-03 1.430720403035994938e-02 -6.739626557494533474e-03 -7.044921319700845654e-03
-1.589243385985803503e+00 -2.468064081116617015e+00 2.723854392132091240e-02 6.000964828920214711e-02 -1.633025365778375745e-02 -7.415838342710345810e-02 -1.599079350684765380e-02 -3.912944449037870226e-02 -3.123269541171128094e-02 -2.556138065252404334e-02 2.536062673303786808e-03 8.612017362014336066e-04 -3.995543588556881021e-03 8.982170411164811874e-04 -9.375407519111970955e-03 -1.066121199463480624e-04 6.668288481907713901e-03 6.244671036746611212e-03 1.297540678073876540e-02 -6.409251649779725175e-03 -5.924870879053234334e-03
-1.587501570479033619e+00 -2.465721284816909442e+00 2.765708885906258130e-02 6.115277291974150625e-02 -1.632300784205606425e-02 -7.392933540640500567e-02 -1.576745216004956165e-02 -3.787024097433840109e-02 -3.109016887482532812e-02 -2.592174687431766933e-02 2.015939665461202648e-03 3.174435325796716510e-04 -3.753352467300809323e-03 7.203054258235498924e-04 -9.893977292071365337e-03 -2.602148402667599659e-04 6.086482114125098958e-03 5.870337535624126427e-03 1.291350278710362218e-02 -5.863653357176330100e-03 -5.749477547364789144e-03
-1.586927143249365013e+00 -2.464391372123458712e+00 2.721737107777201514e-02 5.976140348215774889e-02 -1.660094765640072675e-02 -7.441583753589885164e-02 -1.602823865913648171e-02 -3.885636412907270132e-02 -3.170867674264767067e-02 -2.550281227091489092e-02 2.169536063793597262e-03 4.023439578213067994e-04 -3.530749316803750461e-03 1.106206312809616087e-03 -1.013953264240474370e-02 1.607032349191644125e-04 6.324438313118818135e-03 5.881297128426219920e-03 1.328056344648960788e-02 -6.174696615870334249e-03 -6.033249200263883678e-03
-1.588049297251756364e+00 -2.466038567717221408e+00 2.707896165552842876e-02 5.940022433049688133e-02 -1.685846888087882967e-02 -7.472258449047669560e-02 -1.590628174555899776e-02 -3.834683279416914448e-02 -3.146182874911303273e-02 -2.520526448205415160e-02 2.248468530647366320e-03 3.081512068870407000e-04 -3.597559335310081090e-03 9.233500948004578221e-04 -1.071870977051272641e-02 2.477954527121047643e-04 6.602250533765351842e-03 5.800623924800941099e-03 1.412515415667216570e-02 -6.191941112790367609e-03 -6.143798527935210099e-03
-1.589296374010611856e+00 -2.468169241621630761e+00 2.725315657520142529e-02 6.054115264947614733e-02 -1.666416216968905420e-02 -7.443884417223280148e-02 -1.583477257343474109e-02 -3.844662357824935039e-02 -3.153652714560752773e-02 -2.521931662080100639e-02 1.968650522517140841e-03 -1.125446373234200164e-04 -3.841160896706616226e-03 1.117519193820265370e-03 -1.173216413264140112e-02 3.985749799290913857e-05 6.629880938543706616e-03 5.626761687028739543e-03 1.427853727046232875e-02 -6.241616110692845693e-03 -6.216467627474127171e-03
-1.589927148675952528e+00 -2.468346856222740193e+00 2.678020318747241849e-02 5.918730238243993802e-02 -1.662772879262006814e-02 -7.451187421123231513e-02 -1.587906760977746481e-02 -3.988250039928437074e-02 -3.204670452118704022e-02 -2.501964023806146561e-02 2.738221017042463679e-03 -2.219868583310082911e-04 -3.413075140664138113e-03 1.578841976753228094e-03 -1.166862204509545690e-02 4.594638404112478787e-04 6.833872243037598243e-03 5.645755216601371952e-03 1.476470909440931109e-02 -6.507418815869484008e-03 -6.949330627068423319e-03
-1.589338779533349788e+00 -2.467582763969855542e+00 2.673834151318106589e-02 5.869225859944822432e-02 -1.666645115100521407e-02 -7.473386181613154988e-02 -1.589202983104588685e-02 -3.902981543829332073e-02 -3.161111812238058538e-02 -2.429903746012440635e-02 2.378855750023064954e-03 -6.629875360836754437e-05 -3.655643463223631415e-03 1.223726284658075607e-03 -1.189030556744609911e-02 3.573117131903254490e-04 6.629834143846155721e-03 5.749837460321743227e-03 1.517659422617131243e-02 -6.080409476533291287e-03 -6.640568251464412132e-03
-1.589665692993102786e+00 -2.468581841536545696e+00 2.701796870450265745e-02 5.920395639717530856e-02 -1.689422050535632075e-02 -7.487274331557808305e-02 -1.599058935385139907e-02 -4.027586881415999576e-02 -3.188678853519856526e-02 -2.439524131152385339e-02 2.953398830196843870e-03 -1.020643128371704115e-04 -3.521836504630651045e-03 1.548609667092957099e-03 -1.187167753694597094e-02 -7.861161441146926254e-05 6.946288164905574554e-03 5.577385255959341204e-03 1.559467130818229311e-02 -5.935832156920274778e-03 -5.857005836941671546e-03
-1.589381627180525891e+00 -2.468855874058047295e+00 2.678363756426693776e-02 6.027479373280242303e-02 -1.689494074165794404e-02 -7.472404984836540642e-02 -1.612234583037732913e-02 -3.987227958662227512e-02 -3.190412582959634841e-02 -2.439723037942224601e-02 2.696715447843686317e-03 2.494673423329635601e-05 -3.779535848949421278e-03 1.339812683106049278e-03 -1.155998974198898209e-02 -1.294273366395093817e-03 6.489228137946658967e-03 5.186090638128189149e-03 1.477380961202276466e-02 -5.697792680076417191e-03 -5.126741302801720093e-03
-1.589386788108570148e+00 -2.468632046828380666e+00 2.679925843080164030e-02 6.082495797541104254e-02 -1.669067857105931141e-02 -7.424293215038216265e-02 -1.638762572618561453e-02 -3.982891145906623798e-02 -3.192327808397570771e-02 -2.522934160285030328e-02 2.115863326318415810e-03 2.173776062636128149e-04 -3.893738988667521869e-03 1.355345662864927431e-03 -1.086938592248714100e-02 -1.849960911459714880e-03 5.794468565657360896e-03 5.194161494306008542e-03 1.402023900591431449e-02 -5.475494634632257357e-03 -4.826468333736648117e-03
-1.589856380128310764e+00 -2.469645679677129113e+00 2.665667758359575173e-02 6.035363488115055158e-02 -1.695906147048302504e-02 -7.466845096827172401e-02 -1.649757150945815876e-02 -4.065791647104836232e-02 -3.222780182255412934e-02 -2.517682556022704521e-02 2.231738379653109769e-03 2.138920438039346866e-04 -3.731845368227878872e-03 1.673889967101333713e-03 -1.052121978862632229e-02 -1.648050897963943516e-03 5.973363366374221523e-03 5.311113562891510431e-03 1.452105049717654188e-02 -5.556802348989035162e-03 -5.195627665120959582e-03
-1.589204889928130138e+00 -2.468278840833182386e+00 2.649238607151253519e-02 6.049176960769231393e-02 -1.685166286010419262e-02 -7.463195803169085651e-02 -1.632712057477656714e-02 -4.106251360996321376e-02 -3.219842917643860047e-02 -2.493189016261149887e-02 2.864553011847921667e-03 2.132259466803777988e-04 -3.345756330029307345e-03 1.883992487382664741e-03 -1.055128880542753785e-02 -2.223494493594457312e-03 5.727612151261917903e-03 5.133501518751838744e-03 1.426827546895077965e-02 -5.243615221459289356e-03 -4.788442076113300951e-03
-1.588484172193845634e+00 -2.466956687621596256e+00 2.683693422661599659e-02 6.034935942995349467e-02 -1.692593185848183593e-02 -7.471204234323156057e-02 -1.669338272077329835e-02 -4.119400737361689213e-02 -3.205021667223529463e-02 -2.516457103608821938e-02 2.273920568428945427e-03 1.640884027107651578e-04 -3.373041181529371196e-03 2.002760835663012010e-03 -9.719661823684444535e-03 -2.219523692250085969e-03 5.924075027955777450e-03 5.178663419291876409e-03 1.374628058531808875e-02 -5.044745913434111988e-03 -4.002799487426289028e-03
-1.589098074297546237e+00 -2.467583615663374363e+00 2.699751570932627451e-02 5.951067209598839142e-02 -1.701378894678770570e-02 -7.509140670185616984e-02 -1.644215392964217676e-02 -4.105727973571201422e-02 -3.186034619973271420e-02 -2.464657687926799859e-02 2.407865212174521794e-03 3.376210797608747969e-04 -3.506456505742337141e-03 1.879033634045267900e-03 -9.900789169412210072e-03 -1.164526918554409981e-03 6.471120708887825521e-03 5.346801067265307891e-03 1.387941102855483333e-02 -5.509843163458958554e-03 -4.254416861878227221e-03
-1.589031419160132463e+00 -2.467446154324483221e+00 2.679233037396322806e-02 5.957213354224488028e-02 -1.709489989559674974e-02 -7.529722568666556703e-02 -1.632685205922592558e-02 -4.120991652948483019e-02 -3.218822598604290097e-02 -2.414481247778227715e-02 2.468598116944196747e-03 4.759498802453065829e-04 -3.475511409650007197e-03 1.876536058573397264e-03 -1.081966202400427672e-02 -8.697030170175610708e-04 6.293324876697489224e-03 5.132246644810557409e-03 1.415205484777939775e-02 -5.923010020721304267e-03 -4.823019183236775149e-03
-1.589015059510995531e+00 -2.467769964733918631e+00 2.707637282147956279e-02 6.065377688651864274e-02 -1.676110918664939012e-02 -7.499679828666544479e-02 -1.628055503890638370e-02 -4.102849775741664734e-02 -3.157276378155129959e-02 -2.422489947169616242e-02 2.022321507043802011e-03 2.921455490436162920e-04 -3.465327953045552016e-03 1.959111849494063126e-03 -1.029209085182904507e-02 -8.694240296899023810e-04 6.244674303567942890e-03 5.265800709727118389e-03 1.376229298804940160e-02 -6.009670938251324666e-03 -5.030108656465974611e-03
-1.590100544935279192e+00 -2.468935688475775159e+00 2.700781413587162796e-02 5.888513576609209765e-02 -1.658904664724462213e-02 -7.430874027085213052e-02 -1.626655097263383226e-02 -4.055275260947233118e-02 -3.212515982915366969e-02 -2.488814028461229511e-02 2.054901369239474102e-03 3.118010442800606347e-04 -3.303266039324782161e-03 1.796460036414374278e-03 -9.564944845921258959e-03 4.419888681742231967e-04 6.881514488045768763e-03 5.667712714526014842e-03 1.351963450585130615e-02 -6.437460000429895586e-03 -5.837338393797601374e-03
-1.589830732908492639e+00 -2.468687967229965974e+00 2.663039873226519250e-02 5.825732605302474942e-02 -1.693870603601166369e-02 -7.480986739385109274e-02 -1.630470666111604600e-02 -4.120165862873745311e-02 -3.232621486660100518e-02 -2.461862905504324378e-02 2.411950328734089807e-03 2.374321443066505452e-04 -3.052933175971106906e-03 1.980482255135340795e-03 -9.890220469565265057e-03 5.102338060408468257e-04 6.762317532687684221e-03 5.629931637056839050e-03 1.435426009464563571e-02 -6.281675071968041354e-03 -6.045293502507305058e-03
-1.590350561818487218e+00 -2.469502169564399718e+00 2.689295846888478669e-02 5.870760946394346091e-02 -1.685052051773323553e-02 -7.489233409066356484e-02 -1.588260942145576851e-02 -3.950823525504307265e-02 -3.194449929803452881e-02 -2.389987409456535358e-02 2.479885626416896902e-03 1.172263325475653096e-04 -3.467533257361858461e-03 1.423650948923518150e-03 -1.097609395060463421e-02 6.361196410711509024e-04 6.659763851704512440e-03 5.593553745339980947e-03 1.378972336525734893e-02 -6.219706124920607038e-03 -6.165854478177796097e-03
-1.588767720162825192e+00 -2.467033604479255793e+00 2.668698831907902191e-02 5.885269669980724289e-02 -1.665595591429479619e-02 -7.461599767416619844e-02 -1.609884331832029877e-02 -4.018216746591875277e-02 -3.246808607457644241e-02 -2.447851899008756521e-02 2.358704474655192417e-03 3.071338747184701977e-04 -3.582019043761520971e-03 1.781664107148300293e-03 -1.091118325623204911e-02 1.947813941653188646e-04 6.483760142753806043e-03 5.595004419426639897e-03 1.355161874437376540e-02 -6.293929460995418244e-03 -6.054540769899683685e-03
-1.587266413602332449e+00 -2.464691572463172609e+00 2.708227234595296518e-02 6.007147632524541259e-02 -1.663596536957781188e-02 -7.478837855693688808e-02 -1.567331052341223302e-02 -3.999122478476511977e-02 -3.148728814644970869e-02 -2.427018247177432225e-02 2.817372809139593280e-03 4.681474624502931494e-04 -3.380992071078258929e-03 1.578820399674005573e-03 -9.953385976945047786e-03 -1.204061107106431123e-04 6.208155478719487586e-03 5.361032251858096828e-03 1.265198749391855532e-02 -6.137588524527282097e-03 -5.623554773153576977e-03
-1.584768814623439548e+00 -2.461095310273525349e+00 2.700689866317776758e-02 6.025745719124570021e-02 -1.713328895283278488e-02 -7.587260694244243875e-02 -1.558520710382048889e-02 -4.050733767921362027e-02 -3.134188250450616747e-02 -2.299734244622410329e-02 3.225533445535212936e-03 6.076509286802701066e-04 -3.355310942948052343e-03 1.852100204864458050e-03 -1.045582470558972105e-02 -3.106402688165070796e-04 6.202779601616098364e-03 4.858567368894627786e-03 1.277544838648011008e-02 -6.256633930621421230e-03 -5.595293816212696704e-03
-1.584896383857465230e+00 -2.461871486935434561e+00 2.741714118034486655e-02 6.221346727760628664e-02 -1.695651521608787862e-02 -7.521205887630616482e-02 -1.498531615231423961e-02 -3.996098289464890263e-02 -3.123204644394145246e-02 -2.408404914072887620e-02 4.014998115281628518e-03 6.905454052078846983e-04 -2.850088476224593801e-03 1.551028607680421043e-03 -9.955953216389177435e-03 -8.034606325197355715e-04 5.975517305273356575e-03 4.610845350666456510e-03 1.231629822907227487e-02 -6.265028788937763819e-03 -5.496888472841729434e-03
-1.586908430188974428e+00 -2.464641820134517047e+00 2.710128074967355777e-02 6.083514466047230951e-02 -1.670130359716059942e-02 -7.482930532769499488e-02 -1.491825240047897801e-02 -3.839846179779344421e-02 -3.105122861652849162e-02 -2.435595714663221084e-02 3.502361060231010126e-03 8.314936790800779663e-04 -3.100913343409241428e-03 8.485752031610162890e-04 -9.635363937511302185e-03 -9.228808432256127613e-04 5.988980098392464833e-03 5.064042619462728878e-03 1.240933809956892495e-02 -5.883220711140543790e-03 -4.849996180946780644e-03
-1.586901623306071318e+00 -2.464675428932166845e+00 2.725520954465997236e-02 6.046693544637471440e-02 -1.658486570489103515e-02 -7.463687372090387073e-02 -1.540341944057578918e-02 -3.908910479089180989e-02 -3.111289741449034876e-02 -2.447010565455937786e-02 3.150564799340669839e-03 5.768679771106675555e-04 -3.061492756338461338e-03 1.055185859960368908e-03 -9.588602163744058132e-03 -3.883092827692256627e-04 6.303716874135605053e-03 5.325683596112799206e-03 1.267986551841713237e-02 -5.991043409625353318e-03 -5.070716793288233132e-03
-1.589622243090542231e+00 -2.468831491407048606e+00 2.747037588596261404e-02 6.140692575149459681e-02 -1.674582002447252624e-02 -7.430764646049686784e-02 -1.564637680727015701e-02 -4.055976350849349599e-02 -3.210068128743043259e-02 -2.535648333291755027e-02 3.345492016968254316e-03 5.535380014252179199e-04 -3.040729491614178881e-03 1.656314343424026940e-03 -9.705619826522803723e-03 -5.067188145299145142e-04 6.118044364181615853e-03 5.050665912890958328e-03 1.237188985296160983e-02 -5.772862041516438857e-03 -4.851966051444853677e-03
-1.590442028093438376e+00 -2.470014555133735357e+00 2.762389931659510814e-02 6.066013105256325838e-02 -1.669137159517530486e-02 -7.406391388082983473e-02 -1.557925537339747632e-02 -4.060556098479077558e-02 -3.247587240055319069e-02 -2.565318842057241755e-02 3.597066890566969453e-03 4.374399739705429131e-04 -2.823523847024968485e-03 1.649073466198388302e-03 -9.729833151169904951e-03 5.159964400089665565e-04 6.113755251384688470e-03 5.338030289003295806e-03 1.252944412239573660e-02 -5.830201786430283008e-03 -5.679843710178105951e-03
-1.590326382446529907e+00 -2.469587922999369134e+00 2.728700123703018537e-02 5.942266921662919810e-02 -1.667567023427771883e-02 -7.409488923805324090e-02 -1.553154864955291585e-02 -4.125342104443806973e-02 -3.260956151717255697e-02 -2.527348475211264184e-02 4.089732641883874614e-03 2.920820157085548315e-04 -2.689291248111959267e-03 1.983674715315153405e-03 -1.002397376099414296e-02 6.190916989508263605e-04 6.479987095689588618e-03 5.508793199849077067e-03 1.311349757939954397e-02 -5.787340423171851919e-03 -5.629256720491688896e-03
-1.589661880913765923e+00 -2.467915211349476223e+00 2.719371315286821592e-02 5.887129638077960581e-02 -1.664939703117677972e-02 -7.428820673036835853e-02 -1.571052714290582103e-02 -4.144021892386665074e-02 -3.276577441014270897e-02 -2.581768207122856970e-02 3.798528672812028547e-03 2.982186249467591609e-04 -2.964587556660835781e-03 2.006680367930739530e-03 -9.716533891780957527e-03 9.056960923484436675e-04 6.454697795415005254e-03 5.626264573087655201e-03 1.300005179701376780e-02 -5.817021430132513285e-03 -5.958941913488925712e-03
-1.588942100164167037e+00 -2.466879005356496180e+00 2.682271806306568696e-02 5.802032383303542401e-02 -1.683819083060805744e-02 -7.472501711910273237e-02 -1.586474985310332847e-02 -4.085881631836071892e-02 -3.276813414501918847e-02 -2.510540896928464133e-02 3.480399228831650149e-03 2.468894575576856699e-04 -3.138838650734567925e-03 1.738210735368735105e-03 -1.062911353566945230e-02 1.065733455134395147e-03 6.627053924066285233e-03 5.770316756184106811e-03 1.391355527953060459e-02 -6.150603865743639251e-03 -6.531182903545139709e-03
-1.588141106761598031e+00 -2.465202821389838928e+00 2.695413319722795784e-02 5.724895902351964661e-02 -1.679864254069732277e-02 -7.462229024291096302e-02 -1.551352932820002778e-02 -4.000166982204732269e-02 -3.231170058229975578e-02 -2.549863237725749632e-02 3.575110035775762828e-03 6.814488242602129522e-05 -3.152850005184028564e-03 1.563993493655502394e-03 -1.043323550197291193e-02 2.015379315356021980e-03 7.598151636232956113e-03 5.950142924560457985e-03 1.431174022621417054e-02 -6.729106452612863311e-03 -7.274613671653776953e-03
-1.590233806976667719e+00 -2.469257155876053211e+00 2.724532677389210344e-02 5.958973566112398673e-02 -1.652313480363868520e-02 -7.389317715973371670e-02 -1.561354896574575907e-02 -4.031735290067287730e-02 -3.243251833036248089e-02 -2.579107889037929313e-02 3.769578839952711976e-03 2.425676220465811930e-04 -3.050487768673964054e-03 1.414925818586718195e-03 -1.027064504010490736e-02 5.857868789510591034e-04 6.569480475250971327e-03 5.656515429283463792e-03 1.362259475992147126e-02 -6.150993092987288441e-03 -6.490048377770174515e-03
-1.591815461731758807e+00 -2.471845102968465824e+00 2.748389503827926642e-02 5.947974568707309340e-02 -1.650930312973775821e-02 -7.410887027056686782e-02 -1.600151038215891566e-02 -4.016570033857932986e-02 -3.237345886260083877e-02 -2.538832786432447530e-02 3.356590707796740063e-03 2.514807836652893430e-04 -3.350238609014678706e-03 1.291680564378200769e-03 -1.071941742752699316e-02 6.783542540665069183e-04 7.029587440350851604e-03 5.726182206972685318e-03 1.403984782536095259e-02 -6.314758993971982155e-03 -6.229266833060529210e-03
-1.589670708962000578e+00 -2.468693729241752344e+00 2.759415049316246357e-02 5.926076223796186010e-02 -1.685436994276571718e-02 -7.470475922077826625e-02 -1.590279797587668478e-02 -3.998024316430486003e-02 -3.236952538034499477e-02 -2.500378024669781124e-02 3.434591042839832235e-03 9.344474249185178317e-05 -3.320038649590014573e-03 1.313030776504384200e-03 -1.168383861850947128e-02 1.349452587550027845e-03 7.365168051689836501e-03 5.692404877143295364e-03 1.452261926644202866e-02 -6.684313584795842714e-03 -6.725613225515281006e-03
-1.587509346741484695e+00 -2.465294061995032315e+00 2.713053302927305455e-02 5.801664737946302802e-02 -1.695565834468561184e-02 -7.488834292233895185e-02 -1.583847932283020954e-02 -4.023941301791618408e-02 -3.232111657865219256e-02 -2.491912520579874293e-02 3.661598987529517211e-03 -1.553442556920157057e-04 -3.076468330768174740e-03 1.492502654747930721e-03 -1.162537852835020258e-02 1.576279903305068640e-03 7.904942472995902733e-03 5.954879370073970328e-03 1.534247846298924904e-02 -6.937592274111886205e-03 -7.179402866549515830e-03
-1.587578037097158612e+00 -2.465878717802208353e+00 2.711314363324465043e-02 6.006849031764681379e-02 -1.647754727523995100e-02 -7.413254905410597562e-02 -1.598020008847144541e-02 -4.125359523642171261e-02 -3.244923952170567644e-02 -2.578895842093217525e-02 3.952926002486128326e-03 2.988415269361326338e-04 -3.048082666223461516e-03 1.701334903890447609e-03 -1.031608330012403346e-02 1.159541476266981192e-04 6.915585662576322068e-03 5.812295544025096981e-03 1.368826787464067288e-02 -6.552302009815698901e-03 -6.397482089077729042e-03
-1.588681588904053976e+00 -2.467518468153205635e+00 2.751644500212745842e-02 6.080773087667482035e-02 -1.663837386129286139e-02 -7.441120813264380518e-02 -1.586450999217679791e-02 -4.093536351542072238e-02 -3.201715354360508414e-02 -2.521306444827775897e-02 3.764594283182069821e-03 3.295910414315355664e-04 -3.174922094355824963e-03 1.588069945446729915e-03 -9.958164380252484266e-03 6.050054436508589279e-07 6.629701279281210134e-03 5.504501061678617260e-03 1.315795460017399159e-02 -6.033851343096592601e-03 -5.815575544323504584e-03
-1.588127078955425597e+00 -2.465807227652207612e+00 2.738803690304951466e-02 5.992245479505967781e-02 -1.684076440656044962e-02 -7.490044876900608939e-02 -1.607316569445009155e-02 -4.144229318867220790e-02 -3.212587340619431353e-02 -2.505939624430086540e-02 3.990878850478985634e-03 4.910489136822851096e-04 -2.970449060326880216e-03 1.579318746174918856e-03 -9.312761711944542511e-03 3.886660601227098929e-04 6.664043854116341592e-03 5.463966474235013027e-03 1.296720854923211902e-02 -6.139695461461322848e-03 -6.177130738188730923e-03
-1.586734065667249727e+00 -2.464115921822233268e+00 2.685876161299061843e-02 5.934507395333550595e-02 -1.704821898428316579e-02 -7.483513551277878872e-02 -1.596785487449995516e-02 -4.185229762849737578e-02 -3.228623020165807128e-02 -2.514485011026844699e-02 4.312595525005079138e-03 5.166513475773970099e-04 -3.032227435270411914e-03 1.698851157692433033e-03 -9.296757020469472582e-03 -1.953406653045636210e-05 6.732718203581039562e-03 5.455135498031230684e-03 1.375178862114923711e-02 -5.853462533103203323e-03 -5.925224579395727345e-03
-1.586615883481183209e+00 -2.463804064438501307e+00 2.688349633030935951e-02 5.906030251456497598e-02 -1.702698923186088051e-02 -7.492940601391051558e-02 -1.566365061815350873e-02 -4.048407080707607658e-02 -3.209979118247482943e-02 -2.466373612531434778e-02 4.177911326736463704e-03 2.762085895262478687e-04 -3.185673840400611925e-03 1.302178344411475007e-03 -1.024936412637820690e-02 6.781982929942623162e-05 6.925541268539947559e-03 5.476425502252013459e-03 1.402927547458644730e-02 -5.955445748715377206e-03 -6.095344143377747978e-03
-1.586716861641379595e+00 -2.464290927127867015e+00 2.698101368014644771e-02 5.844700552731403598e-02 -1.710393454339798752e-02 -7.494813346832650269e-02 -1.569535487886930189e-02 -3.984252990201567202e-02 -3.202967565692368263e-02 -2.458732592487329616e-02 3.622730449702361941e-03 8.720347513538914772e-05 -3.411456413663984354e-03 1.207003257633151904e-03 -1.028116324732327586e-02 4.877913940421370331e-04 7.031474590512173245e-03 5.752812214200278551e-03 1.418677952534419702e-02 -5.582039647714421605e-03 -5.995530343130083158e-03
-1.586910476914643375e+00 -2.465307107591676150e+00 2.710255708702331151e-02 5.976675452194270266e-02 -1.698713864313109237e-02 -7.446835080606736823e-02 -1.600588773472931201e-02 -4.122172264629421490e-02 -3.256336910234243487e-02 -2.509621171632750794e-02 3.971303326760221991e-03 3.300598311520397225e-04 -3.139772038321868991e-03 1.681735210766435729e-03 -1.002497920735147437e-02 -1.745296279894956734e-04 6.723510442155159091e-03 5.655470818191641290e-03 1.382255813957736744e-02 -5.617481723564210841e-03 -5.777534951405703320e-03
-1.585723802577065467e+00 -2.464205098247715497e+00 2.732979954910354919e-02 6.019139824269481576e-02 -1.700847532918498689e-02 -7.393407616005973071e-02 -1.637431358226020678e-02 -4.198346742323812858e-02 -3.331299549999289233e-02 -2.567796721786918396e-02 3.617176474095336498e-03 1.864392245856854658e-04 -3.067813361870730827e-03 2.010852361651535580e-03 -1.012979113539086082e-02 -2.761562533243490771e-04 7.051787404953727134e-03 5.587489368473348358e-03 1.403100804879232021e-02 -5.842396632876919842e-03 -5.491897524348872406e-03
-1.584973821280882600e+00 -2.463163148288207260e+00 2.717393511725932354e-02 5.927957028207580387e-02 -1.683220216726977192e-02 -7.379969810330132274e-02 -1.667258546227107230e-02 -4.379192328821052832e-02 -3.333166832279903236e-02 -2.579253650762194233e-02 4.171478598619330486e-03 6.914490577559532451e-04 -3.033027167820474303e-03 2.559252357289514522e-03 -9.516910625065544416e-03 -3.501773202755001499e-04 7.051224330317940568e-03 6.233994407102635971e-03 1.437115975543220778e-02 -5.732976120949533246e-03 -5.094221631582384821e-03
-1.583352383683803266e+00 -2.461025696587749501e+00 2.730637589477506039e-02 5.957885245420845716e-02 -1.680950531846890639e-02 -7.417273119096978728e-02 -1.661317259075987748e-02 -4.295883468308362568e-02 -3.266188355265422366e-02 -2.496435099929542739e-02 3.826371310391912979e-03 9.848884170230616519e-04 -3.075626047275636238e-03 2.323567358566853633e-03 -9.250495936102075267e-03 -1.842210274156749381e-04 6.899837815459481868e-03 6.260638447679116661e-03 1.370333290403514225e-02 -5.899305347233226200e-03 -5.169712821824436547e-03
-1.583783217900071261e+00 -2.462000821699665831e+00 2.725021683105868786e-02 5.991620763155632717e-02 -1.674009644377530415e-02 -7.382448407235739363e-02 -1.690191898017099140e-02 -4.368204485217445920e-02 -3.335058894569314925e-02 -2.571930580960848228e-02 3.509013017741909567e-03 9.492325233408691705e-04 -3.033864199772350403e-03 2.783039051879660896e-03 -9.359785576024591547e-03 -9.350661063124582621e-05 6.945186541864194901e-03 6.194480445416163626e-03 1.383438628710724309e-02 -6.229426352156613479e-03 -5.487868231853171123e-03
-1.586026237875198586e+00 -2.464961481265306453e+00 2.743026042501175640e-02 5.946018910097167209e-02 -1.677261137402766625e-02 -7.395813306888104899e-02 -1.680986509330089154e-02 -4.304563026580041779e-02 -3.330706652524535738e-02 -2.565366874793763297e-02 3.097352033995158949e-03 7.309324504794573402e-04 -2.891858295168250707e-03 2.777640868205037000e-03 -9.457870823743453823e-03 5.237316166103486541e-04 6.831654727157922789e-03 6.202903105621092664e-03 1.380573242793916959e-02 -5.929092568570602448e-03 -5.486419390603947815e-03
-1.584450989916221353e+00 -2.462718910919132753e+00 2.749011189308895459e-02 5.997701094136932698e-02 -1.693256187039944571e-02 -7.402865128857159804e-02 -1.604547258582989314e-02 -4.168386582131969331e-02 -3.297877793055970647e-02 -2.602565490651858118e-02 3.554142906858718046e-03 7.630374667539970446e-04 -2.760194049299996479e-03 2.265950435658354960e-03 -9.281879907800022478e-03 4.552856406470080883e-04 6.348113201323357137e-03 5.963580342664694806e-03 1.373765055743989688e-02 -5.685131641278760514e-03 -5.784572281061766720e-03
-1.585330900519500874e+00 -2.463690692718916164e+00 2.754637985280248072e-02 6.077023636958461816e-02 -1.690998711459414799e-02 -7.420991535642276760e-02 -1.584398841504677455e-02 -4.141904831985253332e-02 -3.279577676394463542e-02 -2.566615173595954147e-02 3.705638599471997030e-03 7.050085855646322881e-04 -2.460367518107390954e-03 2.134280698046568149e-03 -9.056724385780035025e-03 4.924611673242626541e-05 5.974572176944388871e-03 5.620343954950058132e-03 1.282233533278451416e-02 -5.712677903318030825e-03 -5.627997983958873615e-03
-1.587073015533670084e+00 -2.464579075499964134e+00 2.651670037571147651e-02 5.769304794196835479e-02 -1.702904392216933113e-02 -7.525760462418032426e-02 -1.575030775172884395e-02 -4.122456281984475390e-02 -3.246952354465966473e-02 -2.415453805685395527e-02 3.585042909823696507e-03 4.140911112155163461e-04 -2.533705154046899180e-03 2.008330665036333305e-03 -9.778380878309123059e-03 -2.325986905167494229e-04 6.110683868533828625e-03 6.075943063694091116e-03 1.343842672122467878e-02 -5.510988101456061085e-03 -5.008120192688552200e-03
-1.586088098985198425e+00 -2.463358598170623637e+00 2.665877973892946673e-02 5.856824477648085725e-02 -1.721254231528153433e-02 -7.567540928802121702e-02 -1.582922260822562308e-02 -4.106226168062683535e-02 -3.189270812014921574e-02 -2.352478068466347036e-02 3.456154652671884330e-03 2.719554227949458032e-04 -2.696318970326805082e-03 2.045126434148530903e-03 -9.893181123159015128e-03 -1.819062414363546763e-04 6.301683641549885029e-03 5.594380739772485817e-03 1.339769397696783521e-02 -5.776307109161905699e-03 -5.464428265837372421e-03
-1.583987836921583403e+00 -2.460418256371185830e+00 2.656926415571427003e-02 5.812762931573813713e-02 -1.726284428049104300e-02 -7.572372042069273890e-02 -1.556813291264679856e-02 -4.036663919204677708e-02 -3.171316335248956786e-02 -2.349327084922412517e-02 3.378857008454073680e-03 3.869866686937431977e-04 -2.945442438844140653e-03 1.798381955562403231e-03 -1.005819831323464739e-02 2.198819248204005765e-04 6.668030104140533140e-03 5.744581560924038460e-03 1.381473176887522414e-02 -6.011084957689333957e-03 -5.809160191425902751e-03
-1.584072124458663966e+00 -2.460868539234845720e+00 2.655162294540822088e-02 5.684505228295426427e-02 -1.725053193631773119e-02 -7.537471218040384113e-02 -1.544262180543198859e-02 -4.041716496992930896e-02 -3.204667496873724736e-02 -2.389443530649924471e-02 3.715004292519070647e-03 6.856394728987898288e-04 -2.924378709943434816e-03 1.830946256578249278e-03 -9.952916377171180592e-03 1.528419876649503252e-03 7.022883744264866480e-03 6.213737004888091227e-03 1.424966955239437456e-02 -6.420593718005745618e-03 -6.661177371774267518e-03
-1.585124323370719512e+00 -2.462475162639317983e+00 2.678060975908582927e-02 5.683750353499236740e-02 -1.715700075512188727e-02 -7.533737321951888832e-02 -1.533699454621758815e-02 -4.003444681339922429e-02 -3.136737138550627080e-02 -2.370095104198580854e-02 3.734952639807311014e-03 8.614407759179980306e-04 -2.842193811761587439e-03 1.686565481509520736e-03 -9.630284717152132190e-03 1.989505481865565598e-03 7.421138972548057579e-03 6.336280078959363044e-03 1.474626690554170158e-02 -6.632841398730599317e-03 -6.911539704090210144e-03
-1.585515089004250866e+00 -2.462889094888200958e+00 2.664817071348791339e-02 5.673472249267280665e-02 -1.732451026207147346e-02 -7.559722200698434924e-02 -1.549040067737620166e-02 -3.966333180064732927e-02 -3.138477547588429395e-02 -2.336680924956078403e-02 3.417565681335777306e-03 9.603053941151151653e-04 -2.754920449300877865e-03 1.526822836259868373e-03 -9.528648841217058491e-03 1.693584215158878709e-03 6.968722439914903227e-03 6.199779374213620908e-03 1.427942354763594122e-02 -6.614205868066549802e-03 -6.859310961888705378e-03
