-1.609103969015740265e+00 -2.498000996318186395e+00 2.766481304312446918e-02 6.527812957802332783e-02 -1.331109989530611208e-02 -7.307277986532435821e-02 -1.340947799378741992e-02 -3.209608422993285443e-02 -2.132326478742029366e-02 -7.689406343490945081e-03 3.911147892653692518e-03 2.023662017665985122e-04 -2.783220030587172430e-03 5.796852533227417207e-04 -1.896797402590721937e-02 -3.881831140296458562e-03 5.754567813121566101e-03 7.919353549258170699e-03 1.098716953875936500e-02 -5.201169796802440279e-03 -3.905752109622723841e-03
-1.605653978675259497e+00 -2.493087385108752940e+00 2.759599832806292410e-02 6.435751159147803935e-02 -1.331335496812788982e-02 -7.295613515538107441e-02 -1.434337782053847835e-02 -3.557681113118188465e-02 -2.440445544999332930e-02 -1.113375834703749824e-02 4.362589741346817318e-03 5.440240644868844138e-04 -2.672200281634552494e-03 1.062445694325931571e-03 -1.639308527246431668e-02 -3.041199944090817314e-03 5.648650889623018333e-03 7.861287586487823373e-03 1.091787237968402761e-02 -5.476914031704537694e-03 -4.618146715839779003e-03
-1.602852938138098260e+00 -2.489212913302479180e+00 2.761320693145826941e-02 6.404785163891930921e-02 -1.327370264649532609e-02 -7.276208533730324501e-02 -1.504365282432367293e-02 -3.789547933756187703e-02 -2.676924926246155786e-02 -1.410138991820767893e-02 4.422685892707839059e-03 7.456569691098256228e-04 -2.685973686213995702e-03 1.325915460907533920e-03 -1.427717614006280590e-02 -2.669925179528198807e-03 5.547976902145771751e-03 7.739066143454475036e-03 1.070392742135352869e-02 -5.645433577601234251e-03 -4.897138167532576886e-03
-1.600310736425267333e+00 -2.485804409981493546e+00 2.771893493183328824e-02 6.373436603736976069e-02 -1.331795377939358135e-02 -7.264917506202281383e-02 -1.566749979540764393e-02 -3.999071598802001609e-02 -2.877134075410077430e-02 -1.639802031099732091e-02 4.571519148566283858e-03 8.860928433270932707e-04 -2.624497124963894642e-03 1.594997705605565638e-03 -1.267074527162331821e-02 -2.061411667191494733e-03 5.530009137821759874e-03 7.631586833798112250e-03 1.065935714907230089e-02 -5.814594751789432109e-03 -5.311096015936733229e-03
-1.598442150265934059e+00 -2.483239905847292484e+00 2.769074241103554324e-02 6.343964922290540320e-02 -1.334841644983457594e-02 -7.271617708483331388e-02 -1.617394895891108297e-02 -4.180078157879628387e-02 -3.024176251882446792e-02 -1.800312107980487492e-02 4.736401784926207691e-03 9.869629247266050506e-04 -2.585331931530122744e-03 1.811369945294375285e-03 -1.139797899688833188e-02 -1.788794345317568178e-03 5.454884460110485424e-03 7.578215151344719000e-03 1.071201253775281442e-02 -5.895153176899452750e-03 -5.571601275920595210e-03
-1.596993341111010434e+00 -2.481354295311248848e+00 2.778054110308310343e-02 6.325898974708320244e-02 -1.331549687042908083e-02 -7.250005274667684074e-02 -1.660293066393030842e-02 -4.313631778989248516e-02 -3.147555655574658245e-02 -1.957513813862715377e-02 4.747571559089770916e-03 1.147326440057396934e-03 -2.614965747879496958e-03 2.019463416727876152e-03 -1.028243193506551446e-02 -1.445398962271461597e-03 5.452262324244901148e-03 7.530315803813709269e-03 1.072678257257292378e-02 -6.015900077980348981e-03 -5.775192958200933702e-03
-1.595888801185487482e+00 -2.479960425635522547e+00 2.781347205885839960e-02 6.314500743056865317e-02 -1.335667307718424283e-02 -7.246232919433953645e-02 -1.698944069099184856e-02 -4.443622618460124629e-02 -3.253037930913631887e-02 -2.074462613846224032e-02 4.858326192421867987e-03 1.312646651198885175e-03 -2.609085990973344753e-03 2.241907875351100646e-03 -9.558051573824217009e-03 -1.418381880562074237e-03 5.384860602722621806e-03 7.492893724107155783e-03 1.086714547971842637e-02 -5.969773730567369020e-03 -5.653209547456248055e-03
-1.594851843346672737e+00 -2.478593096902362181e+00 2.782724197241357583e-02 6.318097529259657230e-02 -1.337872593255552862e-02 -7.239469192344848147e-02 -1.729401641799254222e-02 -4.538851944548238926e-02 -3.342868040722141165e-02 -2.176259794895511746e-02 4.919902772627911605e-03 1.397124922514603358e-03 -2.586742903484286031e-03 2.369262899577761258e-03 -8.848741573899176691e-03 -1.367523265954377057e-03 5.226615407623582885e-03 7.400529367134159320e-03 1.071577449442237540e-02 -5.945968760901179997e-03 -5.707587568671933405e-03
-1.594120273337622740e+00 -2.477794662396850534e+00 2.801615513565011012e-02 6.351576847198477094e-02 -1.335734728829108056e-02 -7.230332095752318999e-02 -1.747148263884573324e-02 -4.614070607937442031e-02 -3.404579441662344830e-02 -2.253197128716172976e-02 5.019433652081337072e-03 1.379184328648788834e-03 -2.586524081543424558e-03 2.482073468788850625e-03 -8.397495237541352520e-03 -1.002325965413463455e-03 5.314702418491143790e-03 7.312814685488413374e-03 1.074684148553513297e-02 -6.110431314077470130e-03 -6.126320657456031660e-03
-1.593617533101044481e+00 -2.477039566707123441e+00 2.792846805988561526e-02 6.313622868763281437e-02 -1.334289740256103252e-02 -7.231073527036525894e-02 -1.759276967949098547e-02 -4.680622060384576066e-02 -3.450294090582403661e-02 -2.306379850637926138e-02 5.129660041835083437e-03 1.474250240468939332e-03 -2.523646475465366780e-03 2.605706874830579674e-03 -7.835833684680420380e-03 -9.372265673035905936e-04 5.316955413658452922e-03 7.398570567230391276e-03 1.075545459299656267e-02 -6.171054094888163769e-03 -6.120492008157309843e-03
-1.593326063649932678e+00 -2.476865925637350863e+00 2.806589774492860082e-02 6.343806381312749876e-02 -1.332765121037952742e-02 -7.223343283987247732e-02 -1.772081280791182323e-02 -4.691820995389230781e-02 -3.483025975280312075e-02 -2.347124783164044812e-02 4.941485480042440495e-03 1.457552685554198459e-03 -2.506367237556376276e-03 2.566387137918790806e-03 -7.546575557189122777e-03 -8.109138508842220422e-04 5.324943127339297477e-03 7.253789699088033192e-03 1.072367150440745216e-02 -6.294143572222095535e-03 -6.234429687917432752e-03
-1.593032498989463530e+00 -2.476498846883835814e+00 2.801165895038776679e-02 6.373484036032331379e-02 -1.332303233975073477e-02 -7.224384608923030415e-02 -1.785304482157998307e-02 -4.757802383306614785e-02 -3.508522185661199638e-02 -2.381785884790482699e-02 5.106305772425151837e-03 1.521142872094984836e-03 -2.460644989549480230e-03 2.674659648438818069e-03 -7.000596817646155198e-03 -9.184026318559070264e-04 5.232227903746139441e-03 7.140156562808375358e-03 1.050128098374398383e-02 -6.380846476281944353e-03 -6.430535998734400113e-03
-1.592884265188272419e+00 -2.476351354840807151e+00 2.802381819287878481e-02 6.375076759329403875e-02 -1.328715508611775370e-02 -7.214522755958754918e-02 -1.780229456565805488e-02 -4.770437290497774735e-02 -3.525883091681374787e-02 -2.412957667436856773e-02 5.237355621191128879e-03 1.525737554559573059e-03 -2.447866522054468596e-03 2.668756781099059991e-03 -6.810376987148708192e-03 -9.852922828204196699e-04 5.226353143739800866e-03 7.140302875111406364e-03 1.045695339761120932e-02 -6.340042999700637102e-03 -6.302887739809462028e-03
-1.592680559449995537e+00 -2.476112385538881355e+00 2.803689162215869390e-02 6.382594776992707442e-02 -1.327196187032589174e-02 -7.218841805086881336e-02 -1.788734086618670380e-02 -4.793172107589929037e-02 -3.537296556270418113e-02 -2.416246240595133418e-02 5.224059137984989401e-03 1.509274610838395826e-03 -2.462453055797646749e-03 2.703216063387348794e-03 -6.763428039108822232e-03 -1.018467934949108047e-03 5.172670713463683838e-03 7.085179721984129209e-03 1.038145607761398366e-02 -6.322472388717123581e-03 -6.215459788023338858e-03
-1.592578519165564588e+00 -2.476064679936524460e+00 2.808721523017276150e-02 6.399313313376453483e-02 -1.328266915533969812e-02 -7.221302548201419258e-02 -1.796687922833403381e-02 -4.828071109808234479e-02 -3.553067050901057705e-02 -2.422977650392904581e-02 5.415660407780686046e-03 1.495874194656656364e-03 -2.447876414257442023e-03 2.760897105425130435e-03 -7.009570368915384042e-03 -1.070533256894511120e-03 5.160998035594186427e-03 7.039611056722120362e-03 1.062447113716966270e-02 -6.325809759158024584e-03 -6.247169212648152892e-03
-1.592130815145864631e+00 -2.475339532872767645e+00 2.800413486526305562e-02 6.340080115255643245e-02 -1.329947950088345918e-02 -7.218842956212226381e-02 -1.798673251435794693e-02 -4.822853667094125635e-02 -3.577514466710854379e-02 -2.445769615267760072e-02 5.357147879806270843e-03 1.473171020737772076e-03 -2.449684885802150096e-03 2.730260072054935781e-03 -7.029893383758058049e-03 -7.253737411375552665e-04 5.275738261207256648e-03 7.186202477703964100e-03 1.080992449593855785e-02 -6.366107784706875189e-03 -6.421064084501803756e-03
-1.591796979453999672e+00 -2.474746533594280873e+00 2.782779557248300784e-02 6.294593482254812189e-02 -1.333647757393778034e-02 -7.226366556371865979e-02 -1.806888915878731780e-02 -4.820815842236048782e-02 -3.596207073290045436e-02 -2.452804434653475113e-02 5.184700708959179109e-03 1.396052804461146192e-03 -2.470402167723508707e-03 2.665661162424955589e-03 -7.153656942043734243e-03 -7.441371483630439309e-04 5.348849324600723175e-03 7.260288114981215679e-03 1.105837045903395807e-02 -6.360422891707500498e-03 -6.347215449092792269e-03
-1.591711943924350114e+00 -2.474679987891035271e+00 2.803201426001030241e-02 6.329413701078431820e-02 -1.339291359438099169e-02 -7.226098935465551099e-02 -1.809738128655048045e-02 -4.822117393113506401e-02 -3.596372643548308851e-02 -2.475632468881449125e-02 5.131827491528689542e-03 1.430639631437000386e-03 -2.455565573518587053e-03 2.662360695496933383e-03 -6.862433224710536017e-03 -6.004399992377566948e-04 5.373288575030931227e-03 7.146783690953685195e-03 1.093347645841984128e-02 -6.453781443726352984e-03 -6.460017206362246925e-03
-1.591381594622680584e+00 -2.474171682718455223e+00 2.803916108446849118e-02 6.303529139659941327e-02 -1.340442719416140745e-02 -7.226363196121975141e-02 -1.802295177523014630e-02 -4.786937631028347073e-02 -3.602086952349282944e-02 -2.494726648598031421e-02 5.083574180797666327e-03 1.414472635201910770e-03 -2.466478986792569345e-03 2.514009466682776833e-03 -6.871652055416281601e-03 -4.507174939805061323e-04 5.445855122950277877e-03 7.239078126089631277e-03 1.104042673733155247e-02 -6.453762198755850360e-03 -6.481853956299887462e-03
-1.591348384195744092e+00 -2.473975641926720925e+00 2.810467021050059785e-02 6.296409859771223694e-02 -1.339846293846831161e-02 -7.231362551683964690e-02 -1.805877641572193118e-02 -4.791430169530323108e-02 -3.599743519322381319e-02 -2.496133549438759452e-02 5.040536573016247274e-03 1.410149814798830267e-03 -2.500985355032292468e-03 2.507955714664927144e-03 -6.926572418098088033e-03 -2.576259648390484330e-04 5.507121978944508160e-03 7.268836253185797722e-03 1.106295949650077694e-02 -6.487284634947907032e-03 -6.532684874068324203e-03
-1.591452488580490821e+00 -2.474117452659301719e+00 2.810703593859445806e-02 6.281133936942320806e-02 -1.337505430869318120e-02 -7.228911525194724186e-02 -1.804075878907330371e-02 -4.788160752722764313e-02 -3.602164631250699689e-02 -2.499075321381311054e-02 4.982308832224164111e-03 1.418386289470254837e-03 -2.518686949945784809e-03 2.492278372693178517e-03 -6.908229897519022750e-03 -1.443280499445671362e-04 5.532759626569702313e-03 7.329528209938729680e-03 1.108741102748925234e-02 -6.455812149681346319e-03 -6.476320720014904289e-03
-1.591310300355784690e+00 -2.473959036874151085e+00 2.809656058488646871e-02 6.286181668458257210e-02 -1.339772674919090592e-02 -7.237182515392798221e-02 -1.811296993618623230e-02 -4.815677631852793850e-02 -3.607994656185434940e-02 -2.479194567688279907e-02 5.024002321687421127e-03 1.382345013784529175e-03 -2.480967566636263239e-03 2.566363706077455509e-03 -6.927606783959803539e-03 -1.390845496408978847e-05 5.542282502414309746e-03 7.273863783771781187e-03 1.105133390364572421e-02 -6.549662654406817296e-03 -6.707963941758601605e-03
-1.591060979768432082e+00 -2.473600091802942824e+00 2.800944585468173598e-02 6.294568768256222913e-02 -1.336369310039065700e-02 -7.234208410429891767e-02 -1.811813090795373615e-02 -4.812851633138068297e-02 -3.614657362395474333e-02 -2.491044138683464609e-02 5.003003758199609657e-03 1.415163827066037933e-03 -2.452948965744189413e-03 2.565368443262101665e-03 -6.807959277705515413e-03 -6.313655759376381811e-05 5.400447817771693304e-03 7.247211189360589639e-03 1.088058737093669168e-02 -6.569211572492074727e-03 -6.871060444559937488e-03
-1.591220895257142498e+00 -2.473802817648487640e+00 2.805265455646953343e-02 6.298628568453999710e-02 -1.330677974026737466e-02 -7.224474566371719142e-02 -1.813290972065886505e-02 -4.824613745282260724e-02 -3.616801179843495695e-02 -2.501844001916976590e-02 5.054033999287432626e-03 1.474786180448734146e-03 -2.473564021152009976e-03 2.621169380871801995e-03 -6.605147517924504948e-03 -1.050085553692407163e-05 5.355318255674372703e-03 7.289595758999104294e-03 1.068321615556299536e-02 -6.534169737908282483e-03 -6.908504772312883992e-03
-1.591181463643399852e+00 -2.473705183481886394e+00 2.796220858958780794e-02 6.267001852652956395e-02 -1.331558978903047037e-02 -7.230904923032863141e-02 -1.814165337297988720e-02 -4.826298444975737206e-02 -3.613915000007420636e-02 -2.489847691970434665e-02 5.067766125096667858e-03 1.402923173199318099e-03 -2.487757186537035547e-03 2.601304412357541805e-03 -6.762011729867163298e-03 -7.472581455696717886e-05 5.381219578695654350e-03 7.400635149308033844e-03 1.087688913668441101e-02 -6.437854826969462325e-03 -6.763830783467981653e-03
-1.591290430440413184e+00 -2.473935339184039961e+00 2.795508883619670162e-02 6.289517669868922856e-02 -1.328508772913850923e-02 -7.218913448791543230e-02 -1.817090484812754550e-02 -4.829635298744788807e-02 -3.624414082619924898e-02 -2.508493824971259542e-02 5.033955041837005762e-03 1.408796110936128693e-03 -2.468641026715093396e-03 2.603191525704720566e-03 -6.651511257976746444e-03 -3.232042174579499803e-04 5.318538838316587414e-03 7.326634225559092509e-03 1.082968250138364487e-02 -6.373233884344580054e-03 -6.591526443267224471e-03
-1.591364316394204170e+00 -2.474063149556953167e+00 2.806409048492912450e-02 6.317316633270984860e-02 -1.323673937977299341e-02 -7.206844755155993043e-02 -1.817188989258844423e-02 -4.843807369717859079e-02 -3.634520603497910785e-02 -2.528245995887160036e-02 5.139748602756753770e-03 1.414347125011163791e-03 -2.455542758174914571e-03 2.626156573263547025e-03 -6.745670779116772452e-03 -3.759727516402113596e-04 5.301692477234648711e-03 7.298221657922389013e-03 1.086527520432893808e-02 -6.362361527604810940e-03 -6.541917737595917028e-03
-1.591387981436776400e+00 -2.474011904698429465e+00 2.808875850909305777e-02 6.317849479424550441e-02 -1.323344050617056983e-02 -7.208994494991054214e-02 -1.820885640060401767e-02 -4.844344728329934985e-02 -3.630999968615956919e-02 -2.523575721291815288e-02 5.062027435127946021e-03 1.446559833277857345e-03 -2.448779997978759847e-03 2.667564645558913490e-03 -6.588414185592545574e-03 -3.944620073085530602e-04 5.270750532593630050e-03 7.223797548175452631e-03 1.069959377899769651e-02 -6.388212023223984251e-03 -6.483013376608666271e-03
-1.591234511644602057e+00 -2.473701342608225495e+00 2.802819794840985188e-02 6.285577847920942318e-02 -1.327742812404856393e-02 -7.216436323984239121e-02 -1.829456998848718804e-02 -4.855169892209035970e-02 -3.640397964675439607e-02 -2.531895936320416665e-02 5.018754959632122301e-03 1.508647377118844512e-03 -2.487787022387952587e-03 2.689533742678272641e-03 -6.430667909873778038e-03 -2.624703399335562922e-04 5.313683229773158434e-03 7.244322609377594480e-03 1.075265335332804828e-02 -6.404060521822423427e-03 -6.564992776572648597e-03
-1.591325480763551736e+00 -2.473743127726682367e+00 2.798791567461646201e-02 6.255293956978215386e-02 -1.334136609931258453e-02 -7.228110054582508048e-02 -1.817967302016956083e-02 -4.832877537609397978e-02 -3.632596693669380011e-02 -2.519366672980513297e-02 5.022072079231470164e-03 1.502575112823864101e-03 -2.473568508868426771e-03 2.673234019459340850e-03 -6.526741347137793303e-03 -7.066179654797714762e-05 5.392220926913169135e-03 7.252051590242771135e-03 1.088419487099673635e-02 -6.477158233328163435e-03 -6.683319252004047903e-03
-1.591479046062716396e+00 -2.474036363991888532e+00 2.802050584644922085e-02 6.246256798290972245e-02 -1.335663097899866987e-02 -7.236407407696192340e-02 -1.817638225745392758e-02 -4.819795036037156921e-02 -3.619277578776980420e-02 -2.494413892743652106e-02 4.959079584575070559e-03 1.440733077160296629e-03 -2.522130907166357690e-03 2.645286053615854109e-03 -6.673845600786001107e-03 1.833497550701360232e-04 5.466558661262166385e-03 7.293305140440410964e-03 1.098968306758719808e-02 -6.527338966764226549e-03 -6.906571140420341391e-03
-1.591322728817600174e+00 -2.473698031938021291e+00 2.797360142113099191e-02 6.234427496972963501e-02 -1.334165132676900720e-02 -7.238970500008340414e-02 -1.820847558834292820e-02 -4.826912353233106523e-02 -3.619654651359585640e-02 -2.491224855896069859e-02 4.922758286588184776e-03 1.492277615857527705e-03 -2.510832845573815995e-03 2.683963122638199222e-03 -6.647789943303654241e-03 1.116448295367859864e-04 5.430301896448878896e-03 7.321612590420846674e-03 1.093907838133798167e-02 -6.537779023897627440e-03 -6.808425214034117580e-03
-1.591228610932466259e+00 -2.473651181082932915e+00 2.803773032616364153e-02 6.260701935248547123e-02 -1.334402718052602257e-02 -7.232820505215509232e-02 -1.825641548339836454e-02 -4.848232287570967275e-02 -3.627937803037815240e-02 -2.508026247514767021e-02 4.906836651114625247e-03 1.557716551902597196e-03 -2.537848050285148975e-03 2.761108154296979672e-03 -6.342824027274988202e-03 9.346418366523483385e-05 5.332112947892565617e-03 7.264551442155078344e-03 1.067427579494347606e-02 -6.513986011394067369e-03 -6.814815782873006114e-03
-1.591096963319774016e+00 -2.473372873109980219e+00 2.792113087498096849e-02 6.232517505852794987e-02 -1.338289715260233131e-02 -7.241566612531498415e-02 -1.829202643500242587e-02 -4.857763730103968614e-02 -3.638103887870215714e-02 -2.510508810274456742e-02 4.935842281705339792e-03 1.564644580850040175e-03 -2.511959495988632350e-03 2.754539298586309616e-03 -6.300553400589445699e-03 5.640556887769177907e-05 5.394330074277953711e-03 7.283727754858464187e-03 1.078429519848400978e-02 -6.557691419022372396e-03 -6.819588105320193230e-03
-1.591154136300679589e+00 -2.473555167966663859e+00 2.794645983823433252e-02 6.250287374584646838e-02 -1.337050014070786941e-02 -7.236440776866816249e-02 -1.825893199346571849e-02 -4.866946537407673690e-02 -3.631264399187059816e-02 -2.506524589045641682e-02 5.088044641707010346e-03 1.600930180496382789e-03 -2.530332586102887298e-03 2.755909162400325355e-03 -6.274753230295457285e-03 -5.089108742195652603e-05 5.399868465103682506e-03 7.277591747040033053e-03 1.076881138986842887e-02 -6.532403515134884396e-03 -6.747740643166996559e-03
-1.591224923003836444e+00 -2.473781610727074032e+00 2.805246342513795579e-02 6.279561979676676065e-02 -1.335489228366648282e-02 -7.236440499036039808e-02 -1.830509498550066116e-02 -4.889146688894407955e-02 -3.637197666478046015e-02 -2.499449267302192648e-02 5.176411240758087631e-03 1.535318628666739686e-03 -2.518425216043275634e-03 2.802361299959381293e-03 -6.528475752009791841e-03 -7.091877212366031131e-05 5.430198189655604385e-03 7.268132959578944147e-03 1.085749331776660574e-02 -6.513311780203024509e-03 -6.737834579011422846e-03
-1.591068058768832394e+00 -2.473490739982555642e+00 2.792659381746795746e-02 6.247650359406797110e-02 -1.337616095875697984e-02 -7.244415371439159868e-02 -1.828160347214854639e-02 -4.877535093357925067e-02 -3.639276930316448500e-02 -2.493362972341885142e-02 5.150105009724913890e-03 1.493620845133900119e-03 -2.539511424234075759e-03 2.760219081550140726e-03 -6.687465795930928880e-03 -1.317386781262841890e-04 5.475017011391435096e-03 7.340510696340928239e-03 1.102571784833731618e-02 -6.479436349202339664e-03 -6.652182421871082746e-03
-1.590783875145328707e+00 -2.472947297776424413e+00 2.786234162684827001e-02 6.216466887799146357e-02 -1.337411537233165401e-02 -7.241867169749227617e-02 -1.826905699611567485e-02 -4.869956326440822575e-02 -3.639288631168008381e-02 -2.499197117957336484e-02 5.159443408494231165e-03 1.485099932755212402e-03 -2.438580273766720319e-03 2.724901614076487202e-03 -6.475668155821711833e-03 -1.058338666504315555e-04 5.408342849809088561e-03 7.399712565976166237e-03 1.095101968046429362e-02 -6.419734062288775557e-03 -6.627008980490347104e-03
-1.591142470418986266e+00 -2.473454209990780583e+00 2.774241864897582927e-02 6.183068140032629140e-02 -1.336590717911754524e-02 -7.244014648472260620e-02 -1.811688351462479793e-02 -4.832367662504503947e-02 -3.627756975348651880e-02 -2.495955700692747969e-02 5.159851525828388664e-03 1.504075636408522352e-03 -2.401061672078346008e-03 2.612241694690373324e-03 -6.405257521789223078e-03 -1.313920189329825469e-04 5.420620588262470112e-03 7.493037578427854360e-03 1.102650503287774635e-02 -6.412734007073093642e-03 -6.592452919251295257e-03
-1.591317943579379168e+00 -2.473589481237364662e+00 2.770308298412668679e-02 6.158063952221422277e-02 -1.334132881384849680e-02 -7.250572684084895247e-02 -1.810126035238258935e-02 -4.827107300635438691e-02 -3.611419371863608396e-02 -2.472395052206832408e-02 5.136289260487173977e-03 1.497017603495058406e-03 -2.377462945169832483e-03 2.606457540238424700e-03 -6.387442324618802444e-03 1.001794167820493068e-04 5.516496643035747119e-03 7.546335063255695322e-03 1.107865340910857421e-02 -6.529770174516896439e-03 -6.806497494836411324e-03
-1.591201791817603794e+00 -2.473399395707314596e+00 2.767379715758454956e-02 6.155628554107602651e-02 -1.338923504235518119e-02 -7.254688949819276811e-02 -1.817993742662419102e-02 -4.835870062364355793e-02 -3.620850622645273298e-02 -2.470119915708773178e-02 5.082692890886597765e-03 1.568685593089423277e-03 -2.432671253444728277e-03 2.640995295023944658e-03 -6.391740971477597941e-03 6.646153577928188834e-05 5.447476105047015064e-03 7.493107098718229490e-03 1.100432952654889496e-02 -6.493062440944481414e-03 -6.755651658434332768e-03
-1.591329752919210971e+00 -2.473602188522678436e+00 2.777478370885843109e-02 6.178316037805112182e-02 -1.331610680189235230e-02 -7.246026972681653133e-02 -1.814483248350853145e-02 -4.850746528522997120e-02 -3.616981058991627224e-02 -2.480929214883658557e-02 5.221317369156152320e-03 1.564182010288023153e-03 -2.435819584324564954e-03 2.709202253589046427e-03 -6.399319641382501464e-03 -8.280365143779422430e-05 5.458722498609085497e-03 7.511755544861237026e-03 1.101405896177915303e-02 -6.391012648310118865e-03 -6.579163827754717919e-03
-1.591418930440008817e+00 -2.473889521760398669e+00 2.776830207307569298e-02 6.175290077504735214e-02 -1.330825674602810135e-02 -7.237687148978715068e-02 -1.807640031536649622e-02 -4.827788309770804365e-02 -3.620318417933958421e-02 -2.496747976286670806e-02 5.205601095946530907e-03 1.496046632590568477e-03 -2.453558071333600266e-03 2.635181410706559802e-03 -6.528225658035350515e-03 -3.830987842660258438e-05 5.523211889937256792e-03 7.582980329826238819e-03 1.126441108570378630e-02 -6.378611252381970534e-03 -6.660492460349642582e-03
-1.591231233215551377e+00 -2.473725962530163081e+00 2.787396396705987822e-02 6.205402411282091857e-02 -1.333727606545212843e-02 -7.237471297602685039e-02 -1.814126089129616121e-02 -4.848817628446151079e-02 -3.630876736026089624e-02 -2.508448092921160971e-02 5.197462300968147889e-03 1.443331199378818314e-03 -2.452020424641609270e-03 2.685504349630947474e-03 -6.696116572134233440e-03 -9.117151576043815392e-05 5.532859051189693324e-03 7.545387327445967664e-03 1.135711325202606869e-02 -6.370214717818736654e-03 -6.582283102492371765e-03
-1.591145425983552020e+00 -2.473414835755408880e+00 2.781252899106661375e-02 6.172024455829363404e-02 -1.337976040348667732e-02 -7.246013384916828726e-02 -1.809412262068994109e-02 -4.827399510698188179e-02 -3.631390261698703298e-02 -2.506317023951517078e-02 5.113336856025249393e-03 1.458745325754371618e-03 -2.430285174010033290e-03 2.613800961190139091e-03 -6.774263258086644923e-03 -8.289982961201696247e-05 5.520617069706909748e-03 7.560649306379058424e-03 1.142789816407724368e-02 -6.365339034475480003e-03 -6.440922706367904239e-03
-1.591009247693215389e+00 -2.473262878276126120e+00 2.790865032619887359e-02 6.217868589013769015e-02 -1.334186706474217200e-02 -7.238582104911299442e-02 -1.819073585118761299e-02 -4.869675455147762927e-02 -3.640028821807599069e-02 -2.509925591693876537e-02 5.249488866152274974e-03 1.473901110769121206e-03 -2.420576220769271591e-03 2.757784272344465659e-03 -6.650040867711563483e-03 -1.901967542572401680e-04 5.444118816894748421e-03 7.436682748100090570e-03 1.109758212684474124e-02 -6.378868560831337312e-03 -6.433783974490295092e-03
-1.591051794598834279e+00 -2.473249487519659784e+00 2.782285493978306143e-02 6.197905651677657751e-02 -1.340223139174179061e-02 -7.241743661968039203e-02 -1.812407126739110086e-02 -4.850257653027069404e-02 -3.649833383784183150e-02 -2.513404834856429806e-02 5.260802733162266327e-03 1.459869234015537991e-03 -2.435275242633197154e-03 2.688675012748574945e-03 -6.765875436389453407e-03 -2.177241598986895085e-04 5.513510922734003034e-03 7.413869878648716299e-03 1.119846207628040491e-02 -6.406829513502305083e-03 -6.434440351189844171e-03
-1.591091294602311468e+00 -2.473482898942759967e+00 2.783907112147194357e-02 6.209689266248834272e-02 -1.343928305893835398e-02 -7.248340496707578184e-02 -1.815608664799027092e-02 -4.840847742180749702e-02 -3.640522187495787154e-02 -2.502432514939047573e-02 5.160704070956074682e-03 1.449047209151788085e-03 -2.489689543038746573e-03 2.676561391629219550e-03 -6.992960920190633214e-03 -9.651781994204148001e-05 5.526333267799872148e-03 7.395875020001893910e-03 1.149770513123221649e-02 -6.439127352797286395e-03 -6.665364785958865709e-03
-1.591167253584627517e+00 -2.473714531309225251e+00 2.797950021077717092e-02 6.249720450147879663e-02 -1.344859990494811329e-02 -7.249351942037446372e-02 -1.818716187392413128e-02 -4.851288750798623400e-02 -3.633469073591409637e-02 -2.488909718263357732e-02 5.153533549074400602e-03 1.419860544144995124e-03 -2.486065232370833489e-03 2.712931363028308826e-03 -6.888038201334267807e-03 -1.303255702710330425e-04 5.550768243701865307e-03 7.299507421702903717e-03 1.126486106195329073e-02 -6.494291590670915951e-03 -6.648697863150810662e-03
-1.591180715999773065e+00 -2.473747208340429715e+00 2.799036127906385368e-02 6.268096424804356359e-02 -1.343566926891749148e-02 -7.247713391840296393e-02 -1.830577109003322586e-02 -4.899396569630178749e-02 -3.640514000357328306e-02 -2.493846809571351533e-02 5.244786018842807068e-03 1.546951692472720193e-03 -2.457682862494558508e-03 2.867326594326129446e-03 -6.601426189166900542e-03 -3.351375715189459925e-04 5.452550767883205390e-03 7.286454084156534540e-03 1.104520959663157081e-02 -6.437831702654133424e-03 -6.486884979389468016e-03
-1.591411929126214986e+00 -2.474113671053728147e+00 2.806187920645645401e-02 6.269154314493964597e-02 -1.344763434362240481e-02 -7.249495188668145240e-02 -1.825687578514108636e-02 -4.862660942501766115e-02 -3.628397219816433678e-02 -2.493036510839710326e-02 5.073653175877141860e-03 1.518509981699797977e-03 -2.485779671152627858e-03 2.769503671697148839e-03 -6.562890280057786033e-03 -1.914294161843984265e-04 5.441806548616628242e-03 7.296737858974880996e-03 1.102236354121371824e-02 -6.422597889293142105e-03 -6.555063261144102732e-03
-1.591524840060472012e+00 -2.474359293250931291e+00 2.810301748888505841e-02 6.273495186980132532e-02 -1.338763910810136099e-02 -7.244899955013382742e-02 -1.820188999068666352e-02 -4.842219359711379817e-02 -3.608953977776593186e-02 -2.483016667337198738e-02 5.025902416307900106e-03 1.542452247017594893e-03 -2.546359112396214073e-03 2.685186779604683757e-03 -6.694191058837912350e-03 -1.498444849116139252e-04 5.415009615678144025e-03 7.391244917411609293e-03 1.108254911988334861e-02 -6.364671797065932918e-03 -6.500065543213673011e-03
-1.591440205987702416e+00 -2.474262464547785090e+00 2.807940652809528051e-02 6.252257449199072337e-02 -1.344330443671674577e-02 -7.253109991238318455e-02 -1.821589638724374280e-02 -4.856516017946600761e-02 -3.607010271485840136e-02 -2.476240054311858868e-02 5.140381938778962843e-03 1.556206839114355339e-03 -2.494020463608072509e-03 2.742796897869050413e-03 -6.664328103488631472e-03 -5.849794386537147354e-05 5.544137275090042088e-03 7.418215525297942002e-03 1.131449884814150070e-02 -6.369174513743114906e-03 -6.540593728028403983e-03
-1.591726802743328673e+00 -2.474684247883273791e+00 2.818608128861555331e-02 6.291101023920389612e-02 -1.338748033746329363e-02 -7.235370808247303109e-02 -1.835908163585012187e-02 -4.877240806377339255e-02 -3.621849822732722129e-02 -2.500439777280913378e-02 5.004059922718111057e-03 1.613591470721712634e-03 -2.532626848578758104e-03 2.814493603940343425e-03 -6.472879984730126393e-03 -2.125431634516535668e-04 5.456390823721178271e-03 7.320695164798448652e-03 1.098110227011873247e-02 -6.365493783814703960e-03 -6.369431164473514720e-03
-1.591885474090137365e+00 -2.474904033054676766e+00 2.812346208915441487e-02 6.266397941367946034e-02 -1.337468986924647552e-02 -7.236055331902989385e-02 -1.839015186300228116e-02 -4.871751531957103920e-02 -3.626173335077120113e-02 -2.489559629160317811e-02 4.959238083648340352e-03 1.569307588302627354e-03 -2.575348967797192086e-03 2.752204273343831359e-03 -6.676462079603450762e-03 -7.034277548841935516e-05 5.493875262827580506e-03 7.390342938353367495e-03 1.116442341951062213e-02 -6.417464906769288456e-03 -6.530207597642127305e-03
-1.591952085084059387e+00 -2.474991619025661116e+00 2.819934570560085271e-02 6.276363207346091766e-02 -1.336138258581211734e-02 -7.227889354202413075e-02 -1.831847337673306667e-02 -4.842836972484389213e-02 -3.623892982669845581e-02 -2.502546967883699860e-02 4.879848985220183212e-03 1.570943072836356513e-03 -2.524310626595808755e-03 2.667079917037049747e-03 -6.576278681050965261e-03 3.241036029778509285e-05 5.484336805687369497e-03 7.343814420338088712e-03 1.108149372381251468e-02 -6.495029337421856334e-03 -6.608861788198697879e-03
-1.591896695714255960e+00 -2.475079805710766578e+00 2.829478137023262382e-02 6.322296928104791103e-02 -1.332151495424517725e-02 -7.221541776624165743e-02 -1.824496821272424824e-02 -4.829820436637068809e-02 -3.607488196647727630e-02 -2.491107976217328546e-02 4.939045933130866393e-03 1.565097082042029740e-03 -2.559410712961168646e-03 2.601015891808501103e-03 -6.649302560079171573e-03 5.990362821388130470e-05 5.394915867831636541e-03 7.275319422920291379e-03 1.090374522344450363e-02 -6.496478808423651781e-03 -6.701041766246228389e-03
-1.591663462984353572e+00 -2.474827667301399803e+00 2.831794336537690054e-02 6.317674547624890780e-02 -1.335044405224480521e-02 -7.228556727450242969e-02 -1.826711820809281614e-02 -4.855021369383684393e-02 -3.609416306367807525e-02 -2.487074497760950048e-02 5.040036861318306083e-03 1.542052826500476051e-03 -2.470592949072494826e-03 2.695907239632673504e-03 -6.606192076481498532e-03 7.097037186910752171e-05 5.535857078057595040e-03 7.306881924359982967e-03 1.104628550436070021e-02 -6.572973813286368122e-03 -6.705281944209432431e-03
-1.591393866457594397e+00 -2.474386261793203090e+00 2.817481268307984663e-02 6.275443623289334028e-02 -1.342122031073623642e-02 -7.234869848676195314e-02 -1.817835793754995002e-02 -4.840446131859858780e-02 -3.618604344197772632e-02 -2.492897635463353634e-02 5.074629505032576295e-03 1.465162914080496512e-03 -2.457594234283689682e-03 2.646320165429980227e-03 -6.695032106029468258e-03 -1.709059174999664685e-06 5.633973986140359061e-03 7.374994899438949703e-03 1.125696000508499481e-02 -6.448036772275265310e-03 -6.495438021612912928e-03
-1.591263081449813876e+00 -2.474259523079183953e+00 2.815856162979877425e-02 6.320859331046835283e-02 -1.343530064665493864e-02 -7.243089913158422266e-02 -1.811430940003639148e-02 -4.842078998444479532e-02 -3.605428578000027806e-02 -2.480886552482041221e-02 5.160518073711799908e-03 1.518450410730186589e-03 -2.428013577767213545e-03 2.643836088068716918e-03 -6.539417553446689145e-03 -3.964910699929743705e-04 5.399483931580338104e-03 7.225403444150667667e-03 1.094943071430280745e-02 -6.352051425860871792e-03 -6.279390217730679985e-03
-1.591493304103686945e+00 -2.474473615920405045e+00 2.811276164279395001e-02 6.323259883939892634e-02 -1.341454328789565796e-02 -7.243212189594949724e-02 -1.808909193905860677e-02 -4.834525615702586765e-02 -3.611118412597150856e-02 -2.471339038365120977e-02 5.140273432659850546e-03 1.512168044002330791e-03 -2.465268330197248510e-03 2.617999073974916664e-03 -6.716113182299330263e-03 -4.524736682997037738e-04 5.326297023286379571e-03 7.192252172855329549e-03 1.087479307937499681e-02 -6.388682812887728178e-03 -6.339259499429488950e-03
-1.591436724338436415e+00 -2.474315269358606351e+00 2.805779984223763859e-02 6.300360143590155726e-02 -1.340489836288837056e-02 -7.239578073640137723e-02 -1.808689974343309637e-02 -4.832538061321902528e-02 -3.615187274408034057e-02 -2.486026257295183978e-02 5.131548280406469410e-03 1.514268636765867503e-03 -2.455312642938890788e-03 2.656597608976349507e-03 -6.564491588943476008e-03 -3.805909218147965735e-04 5.343797420393829947e-03 7.227959915250976516e-03 1.085511367375737932e-02 -6.372582072028966024e-03 -6.414355448236085458e-03
-1.591319459068843312e+00 -2.473921955899447855e+00 2.802258447297736876e-02 6.277747142948582326e-02 -1.338007833676347312e-02 -7.234402644267254323e-02 -1.811320567661661718e-02 -4.832446265310275796e-02 -3.623741627108932606e-02 -2.500657301536363813e-02 5.074500451642822117e-03 1.504057706578902209e-03 -2.397048419109755728e-03 2.634577486498367559e-03 -6.457567947016834738e-03 -2.974993717372263475e-04 5.348510931527265810e-03 7.244105077792882194e-03 1.077463201036208545e-02 -6.453966246415700561e-03 -6.447141820446750451e-03
-1.591373809239742476e+00 -2.474057796872701775e+00 2.801550809997048128e-02 6.264826543721081775e-02 -1.340353949545761841e-02 -7.236619585288688039e-02 -1.812828774043283298e-02 -4.856183238080409581e-02 -3.634507846231934541e-02 -2.503338658243400155e-02 5.174590665194139967e-03 1.583265462809638419e-03 -2.431652387464755451e-03 2.693472473111603420e-03 -6.414350937004072509e-03 -6.204224648915894480e-05 5.442421824368927526e-03 7.279483900842243470e-03 1.092294060424307475e-02 -6.508166608439240955e-03 -6.667282723143055922e-03
-1.591162645379604612e+00 -2.473649642184144071e+00 2.787712931660400392e-02 6.249542406273855821e-02 -1.338710708937391330e-02 -7.240171994616370621e-02 -1.813250287177473746e-02 -4.868577321564026422e-02 -3.636425623870664925e-02 -2.491778959880246169e-02 5.267762406532410652e-03 1.547282167475646933e-03 -2.416579471393039916e-03 2.732168750774499957e-03 -6.595055232306455163e-03 -2.092190292866146818e-04 5.382143870994917506e-03 7.331269537918232160e-03 1.097476015832953532e-02 -6.432765945733305915e-03 -6.601739071059970973e-03
-1.591092332154154354e+00 -2.473529100677812842e+00 2.793626513824629121e-02 6.264720027960664350e-02 -1.336554371336715411e-02 -7.229982440077389882e-02 -1.807028309119151910e-02 -4.869725084888438388e-02 -3.641234339556450456e-02 -2.510924521126076808e-02 5.345528868524977197e-03 1.592160661022149360e-03 -2.419673844455102422e-03 2.736586030058596724e-03 -6.406278928027751493e-03 -1.161044471680118865e-04 5.358168727350719543e-03 7.275403620714397147e-03 1.083792844570339448e-02 -6.462640675142436279e-03 -6.755613105114381331e-03
-1.591366730200416857e+00 -2.473968896557933395e+00 2.800235217609934116e-02 6.278261565741158345e-02 -1.335342119196081603e-02 -7.222567724409671708e-02 -1.806050929661371166e-02 -4.847012959220765166e-02 -3.638372520932690174e-02 -2.518982598350796159e-02 5.255632761887655061e-03 1.575598042413482117e-03 -2.453422340127899177e-03 2.660544573627287527e-03 -6.551111300453468615e-03 -1.102468483114511425e-04 5.362501612249836319e-03 7.235063943628938787e-03 1.089837026675326281e-02 -6.504368289263101274e-03 -6.737180866955384817e-03
-1.591475808646711787e+00 -2.474142607226494484e+00 2.797800610214127084e-02 6.280815805550038489e-02 -1.333958553137865564e-02 -7.225939148263983702e-02 -1.817045302073778956e-02 -4.865013423734639020e-02 -3.641116125113755264e-02 -2.508369520421716709e-02 5.233208576884733169e-03 1.583487010518109563e-03 -2.476284492354140568e-03 2.714198742367397721e-03 -6.428948603681917257e-03 -2.132720205222044874e-04 5.272263032266350305e-03 7.236513277362715234e-03 1.075479835236394129e-02 -6.441892702558191589e-03 -6.745572542951956858e-03
-1.591367829286070235e+00 -2.473799369218228517e+00 2.791639515417429496e-02 6.233827173170414931e-02 -1.338514833616093018e-02 -7.236676610255850239e-02 -1.819485458969835601e-02 -4.836015097004339042e-02 -3.636343613259688384e-02 -2.501195325346733389e-02 5.005929029058230756e-03 1.513549052853406865e-03 -2.511014874254553515e-03 2.644691317354065131e-03 -6.489770602254325144e-03 1.118195729010382764e-04 5.395880921298783391e-03 7.282001510421772308e-03 1.086820309757610681e-02 -6.539129035554396528e-03 -6.951752961540069199e-03
-1.591266244100255189e+00 -2.473561471324925876e+00 2.792223661968237791e-02 6.226840085344548942e-02 -1.336154923259999516e-02 -7.236464694229896577e-02 -1.822056956783621451e-02 -4.840936676539327882e-02 -3.631948423930362463e-02 -2.509756864873585736e-02 4.996027415444873054e-03 1.581847288519172903e-03 -2.504878280131567561e-03 2.653601042999366444e-03 -6.260340534197533953e-03 2.011908600341980090e-04 5.343696357266488305e-03 7.314517418018980088e-03 1.078641803027315452e-02 -6.564805590043563434e-03 -7.046405981649034138e-03
-1.591093219661131375e+00 -2.473320179782578787e+00 2.798193038317706854e-02 6.214008066238702055e-02 -1.343509696733901672e-02 -7.249560582829819855e-02 -1.821902366138265089e-02 -4.804080044752525452e-02 -3.616660363406885154e-02 -2.496629680264208367e-02 4.732892184386697579e-03 1.480367635246157554e-03 -2.562633107807593073e-03 2.526682301728758444e-03 -6.338980693188569181e-03 5.479182931964739298e-04 5.553767399997729635e-03 7.332184119354889090e-03 1.090463086910059207e-02 -6.748231296055876363e-03 -7.286454282214115293e-03
-1.591054081250269148e+00 -2.473234729518127395e+00 2.791665733454384846e-02 6.207053150542046066e-02 -1.345715169302659497e-02 -7.257270186044902094e-02 -1.817874714185517895e-02 -4.799419661812388133e-02 -3.623108827915081515e-02 -2.495942930142978564e-02 4.796426911085797419e-03 1.414610428355360036e-03 -2.564091372978315880e-03 2.498797415240720798e-03 -6.526793801154200624e-03 4.456930186917946839e-04 5.558879088797137255e-03 7.344233448351006853e-03 1.100306495210192498e-02 -6.687783518831058940e-03 -7.239439785621294005e-03
-1.591384742231141791e+00 -2.473736833007743829e+00 2.790961844465771058e-02 6.219438038884725350e-02 -1.344494835212752329e-02 -7.258771340846714715e-02 -1.816960466482277214e-02 -4.799026088145114111e-02 -3.615917653811354104e-02 -2.482593203899049333e-02 4.830321480152959326e-03 1.419901333439423097e-03 -2.535016679073043202e-03 2.505315266182836769e-03 -6.650561807939244299e-03 3.208390840988238884e-04 5.477759460703360457e-03 7.281950104636521377e-03 1.105369960929058169e-02 -6.644808285456877198e-03 -7.165067379770816147e-03
-1.591362442340698902e+00 -2.473776089368273201e+00 2.783921211194245043e-02 6.219790037226081286e-02 -1.343928300250791033e-02 -7.254264136959559517e-02 -1.821113357908890271e-02 -4.815579368701988772e-02 -3.628680383075014865e-02 -2.481927219517010910e-02 4.867464524380558238e-03 1.364314197454139345e-03 -2.491395624100784488e-03 2.566284041245998210e-03 -6.789537012069430527e-03 9.611487137101755885e-05 5.448351959219105770e-03 7.267098366300761038e-03 1.118801200442979399e-02 -6.585231635999467051e-03 -7.018177091960390267e-03
-1.591089515574127589e+00 -2.473492514159026712e+00 2.793130246848175152e-02 6.241268756372345822e-02 -1.338556886563641371e-02 -7.237864323275829126e-02 -1.820916288957125095e-02 -4.825637789709220221e-02 -3.631448421609390076e-02 -2.505083491257387510e-02 4.905823407173577101e-03 1.416025226288758574e-03 -2.480216986388775278e-03 2.597710992434458868e-03 -6.589357709347281114e-03 1.158522992641165952e-04 5.433351329221792515e-03 7.295756012406342042e-03 1.105072955104750669e-02 -6.606992341954499338e-03 -7.012016895965485219e-03
-1.590868098095290728e+00 -2.473196974213164090e+00 2.799085346634151358e-02 6.267409556869864284e-02 -1.336303587526740423e-02 -7.237155800474914802e-02 -1.821980909884568858e-02 -4.833439943371833913e-02 -3.622069812875106098e-02 -2.497209181198371819e-02 4.969987016949424866e-03 1.425786793473240955e-03 -2.462492462136676302e-03 2.617729388302150479e-03 -6.516460101952636398e-03 -2.751159125535714836e-05 5.386605631723715912e-03 7.223884730409487961e-03 1.087402773566164410e-02 -6.581525346435047712e-03 -6.897463486760034568e-03
-1.590971826969107328e+00 -2.473394387147439755e+00 2.798041059620483967e-02 6.259108414567499112e-02 -1.341426443563150869e-02 -7.246267866086598952e-02 -1.821044160219909697e-02 -4.845878276732831780e-02 -3.619366230663993017e-02 -2.485924281181288442e-02 5.072450210878144856e-03 1.420352422161775749e-03 -2.431940376483604765e-03 2.649546951283066661e-03 -6.657232536819182762e-03 -2.012582429754498220e-04 5.510026787442670430e-03 7.274872260143767574e-03 1.105375379822300455e-02 -6.573995703914915952e-03 -6.609330916778296573e-03
-1.590843252267329699e+00 -2.473328839870171159e+00 2.808453861391874487e-02 6.304066120203283274e-02 -1.341520587830109627e-02 -7.233116344614039239e-02 -1.826664508794480918e-02 -4.871515423013206281e-02 -3.631081248500064168e-02 -2.514081267655472046e-02 5.121809219474703773e-03 1.450749292339875924e-03 -2.474655742716135205e-03 2.715207295548859989e-03 -6.539520747115737387e-03 -3.015719968754834637e-04 5.403950572903571184e-03 7.200382097479470639e-03 1.092432240105175104e-02 -6.507177376769466594e-03 -6.594230015318299984e-03
-1.590698449919104362e+00 -2.473088199350011784e+00 2.798217935303529830e-02 6.284843308769394454e-02 -1.346261755103106590e-02 -7.243545476677593076e-02 -1.819608719460900220e-02 -4.857283561233701613e-02 -3.624981500458568373e-02 -2.497104609524776475e-02 5.181035016307015267e-03 1.523589191521164269e-03 -2.477744815397501296e-03 2.644680140903389598e-03 -6.538654643488024665e-03 -4.235243616967465478e-04 5.329003529608246706e-03 7.214500940787690365e-03 1.096670803763020313e-02 -6.420880699618282048e-03 -6.480813933180048191e-03
-1.590937528341583418e+00 -2.473381791106394001e+00 2.799485107480913226e-02 6.283672466213199859e-02 -1.343715103356934136e-02 -7.242207271041739558e-02 -1.820433684243645198e-02 -4.867407026060326103e-02 -3.630220583341798452e-02 -2.497407639826277823e-02 5.255083422524249766e-03 1.510294251026629304e-03 -2.470636896838582577e-03 2.684209613631012657e-03 -6.732745007127641408e-03 -4.086732780014223063e-04 5.322420612833360896e-03 7.215129475534426753e-03 1.105053721558101748e-02 -6.412844484537515155e-03 -6.464943810338495862e-03
-1.590787259192903758e+00 -2.473062182675471732e+00 2.791618456154871739e-02 6.250713449542349975e-02 -1.348032885082346352e-02 -7.255172091741922402e-02 -1.832743002272818611e-02 -4.893390747860985879e-02 -3.633805659781180059e-02 -2.482557067139556234e-02 5.217220046592772019e-03 1.528297305658126055e-03 -2.429384164881912521e-03 2.753200386849607387e-03 -6.694867672369366959e-03 -3.358695850604786668e-04 5.358135925471557010e-03 7.263795516550498529e-03 1.114537442135060848e-02 -6.425864690279341380e-03 -6.456879269115742281e-03
-1.590628148071700387e+00 -2.472723934270627755e+00 2.790437508039270501e-02 6.209081918596474903e-02 -1.346780383894270045e-02 -7.254602855990950616e-02 -1.817224118831514343e-02 -4.849070395880511475e-02 -3.616641038013722331e-02 -2.481379338905102122e-02 5.188619941236510824e-03 1.504673119283986109e-03 -2.413991637036430864e-03 2.656134801735779427e-03 -6.677192453430166874e-03 -8.688104305549547240e-05 5.412782036314965455e-03 7.407576168902937561e-03 1.122194534473810144e-02 -6.363778360872487765e-03 -6.515430395249154592e-03
-1.590624927354356899e+00 -2.472653765154412930e+00 2.793432193246584219e-02 6.217003070383834290e-02 -1.345662977500764607e-02 -7.257425445482842963e-02 -1.812118264569317905e-02 -4.834343468587566639e-02 -3.608590215527408829e-02 -2.482376790131056096e-02 5.159920389038874164e-03 1.511251227233471536e-03 -2.435469981400801339e-03 2.644709302676207744e-03 -6.598311171281626836e-03 -6.197360416117044424e-06 5.415798661218414536e-03 7.363300282743788158e-03 1.112872104297422254e-02 -6.392129622873864332e-03 -6.631590195350061355e-03
-1.590546855154443051e+00 -2.472460229418168343e+00 2.790842538550189489e-02 6.217012263575735775e-02 -1.347321335878376609e-02 -7.255826734086572027e-02 -1.811534121887849180e-02 -4.840302129675841392e-02 -3.629067247910616745e-02 -2.502861727507712380e-02 5.225358128923072130e-03 1.520928853012390490e-03 -2.425983386138876562e-03 2.642787329785210599e-03 -6.626813830436501310e-03 -1.023613434120144197e-04 5.392829686298679370e-03 7.330381829474890212e-03 1.107830880890921417e-02 -6.369112717713958267e-03 -6.540091261884629914e-03
-1.590571851785393065e+00 -2.472444757948556671e+00 2.787385265310819357e-02 6.200219286791588957e-02 -1.352002358319544240e-02 -7.266742120756594647e-02 -1.814725558421718954e-02 -4.843279787322271601e-02 -3.625420040748044553e-02 -2.474119549711281674e-02 5.185470760734734071e-03 1.482528018135266393e-03 -2.476420808352238889e-03 2.639328179948506863e-03 -6.816713850717377038e-03 4.942038529162131862e-05 5.524251812622625428e-03 7.323294661362648832e-03 1.117300255278719755e-02 -6.496610047010015557e-03 -6.696525412853968941e-03
-1.590747818425100490e+00 -2.473028117899978007e+00 2.804344604142077618e-02 6.257834161598641032e-02 -1.349915052709989988e-02 -7.258375060039221061e-02 -1.819612834451466571e-02 -4.865940378347732159e-02 -3.615640252539580046e-02 -2.481586967932939564e-02 5.278896534872253195e-03 1.590688572718916604e-03 -2.470240466321189845e-03 2.702607132566643092e-03 -6.545341666386025881e-03 -1.032707488864884721e-04 5.492607691075793858e-03 7.266340229350937152e-03 1.104203156973942654e-02 -6.466448768886665782e-03 -6.578222774785804847e-03
-1.590666985421943069e+00 -2.472858728969427933e+00 2.797620612176106303e-02 6.237996424519160615e-02 -1.350084880777445775e-02 -7.258279886367194345e-02 -1.813145824358882580e-02 -4.845192552062423802e-02 -3.612824831134113512e-02 -2.477641876832141488e-02 5.238122783994261442e-03 1.524371669442054584e-03 -2.438064607616127755e-03 2.657717059627232384e-03 -6.783137160839706852e-03 6.757615688595007748e-05 5.524508442042263059e-03 7.292553731574199886e-03 1.131726147260496591e-02 -6.534150720735057427e-03 -6.826714806348564528e-03
-1.590655677634900123e+00 -2.472723337190338988e+00 2.794058514275273367e-02 6.213610579486902874e-02 -1.349564682212214990e-02 -7.264758442431729080e-02 -1.822428722438121720e-02 -4.847351660495174963e-02 -3.616020701971023321e-02 -2.473574474836744488e-02 5.049477308440919639e-03 1.485646825434092360e-03 -2.541646770853004961e-03 2.682876879329032602e-03 -6.828726870579983343e-03 9.184527289429700260e-05 5.558064258421131429e-03 7.349319108945102062e-03 1.130964849569873754e-02 -6.531843288447447202e-03 -6.773584376795462048e-03
-1.590853431644851268e+00 -2.473169658050952346e+00 2.801759474484853338e-02 6.224543800978350749e-02 -1.340496131831301826e-02 -7.246695696224181305e-02 -1.815757007887116442e-02 -4.801149825316677888e-02 -3.597140073448699960e-02 -2.484717509755797818e-02 4.916017183689067385e-03 1.509546098508454497e-03 -2.548149210760710954e-03 2.529226377403788646e-03 -6.696955531650802471e-03 1.461067985530396525e-04 5.538810056126552972e-03 7.421909339033186913e-03 1.125871206482262875e-02 -6.511465429114783772e-03 -6.770783941867143142e-03
-1.591151952088510235e+00 -2.473717632468443561e+00 2.813787029184615027e-02 6.289440245366823001e-02 -1.329648482496043060e-02 -7.219621528954206502e-02 -1.819713768131012155e-02 -4.820828689145879864e-02 -3.611297800375437572e-02 -2.521388432761073259e-02 4.992541098622274923e-03 1.601789459885670942e-03 -2.503014189592006177e-03 2.570380901286951469e-03 -6.431237700179071211e-03 -1.531956785637388486e-04 5.289966343550165859e-03 7.331448150693167971e-03 1.084865068482117161e-02 -6.434540785189559083e-03 -6.611372917162599248e-03
-1.591202342790308366e+00 -2.473706573779601570e+00 2.803258053824098095e-02 6.259790176345897406e-02 -1.333243517655063187e-02 -7.231748426564875432e-02 -1.816164310255570860e-02 -4.791854542110912663e-02 -3.596584840248163994e-02 -2.490771570664682133e-02 4.877842241407981567e-03 1.575789462175815163e-03 -2.479879763900732538e-03 2.499374571502684973e-03 -6.505930664641342009e-03 -1.391606301566125083e-04 5.304471315262952735e-03 7.359320817726616379e-03 1.087317495338955067e-02 -6.479344794418010270e-03 -6.628663347818077207e-03
-1.591069898208769873e+00 -2.473553653430202282e+00 2.802756582527094961e-02 6.242099188986763997e-02 -1.339780100526769858e-02 -7.246132835508969916e-02 -1.813976712376997452e-02 -4.789906529065426910e-02 -3.592555355674635631e-02 -2.469281131053807990e-02 4.890990094820407176e-03 1.536013477636049120e-03 -2.510763384879652945e-03 2.508587448909430084e-03 -6.690591257636717588e-03 -2.333868995094349596e-04 5.391577626631163453e-03 7.349944927401155619e-03 1.108132042997818541e-02 -6.379356320795853512e-03 -6.369761820714634967e-03
-1.591068422376694880e+00 -2.473667876077588978e+00 2.808718372410660968e-02 6.266668638193385876e-02 -1.339080595497931653e-02 -7.242438660564787245e-02 -1.820311623692985603e-02 -4.805911397624008929e-02 -3.602519677214190835e-02 -2.479601980178991125e-02 4.870059117381920523e-03 1.436055080989264441e-03 -2.509585073163859894e-03 2.568275717600398012e-03 -6.823015805771210154e-03 -3.659096638333233088e-04 5.441925857738430863e-03 7.345012672936292349e-03 1.113933442001199467e-02 -6.359509339490525270e-03 -6.247057461794312296e-03
-1.591143524138205922e+00 -2.473726473129519210e+00 2.798761319249088234e-02 6.270173083937122249e-02 -1.341371249376364407e-02 -7.244610500235929007e-02 -1.829837205234023309e-02 -4.813871993814722999e-02 -3.621570430005786878e-02 -2.484354558216627512e-02 4.812801802867586881e-03 1.450112513313626993e-03 -2.602200385826021999e-03 2.554169816574640602e-03 -6.834847279660049256e-03 -5.495777497804004048e-04 5.339482460329453804e-03 7.287614540342089199e-03 1.100820069025927606e-02 -6.307823745938440085e-03 -6.223707517799874356e-03
-1.591187143627416756e+00 -2.473809431738147602e+00 2.808834771398282040e-02 6.296802687869640369e-02 -1.339322146657249968e-02 -7.238133015810854776e-02 -1.828452959632638139e-02 -4.808303551465381576e-02 -3.605971237468865581e-02 -2.491128442971617812e-02 4.765026100752217664e-03 1.509009109089371609e-03 -2.587316329926174149e-03 2.557724162151251562e-03 -6.611717668949967062e-03 -4.779678954638486195e-04 5.305182674682687623e-03 7.217908719159944579e-03 1.084862726613042630e-02 -6.340502376454417582e-03 -6.269902940977195409e-03
-1.591321314820324240e+00 -2.473897143777431307e+00 2.802208573032342540e-02 6.275965588370753523e-02 -1.339302375425877045e-02 -7.229344381264068975e-02 -1.822330763622256530e-02 -4.786385203794864956e-02 -3.612286113124469483e-02 -2.513887137417306766e-02 4.666748837191730080e-03 1.527984701771460847e-03 -2.595692803354692369e-03 2.500966427662394513e-03 -6.531059509278889542e-03 -4.435642086316956569e-04 5.240312490103283920e-03 7.263378857702551365e-03 1.086731013781730946e-02 -6.274427554080113344e-03 -6.262518619654296528e-03
-1.591358282408073421e+00 -2.473977619937065331e+00 2.804259481149038238e-02 6.297235699741468573e-02 -1.335976881324151856e-02 -7.222730666875717964e-02 -1.816500914674712766e-02 -4.781114866741657116e-02 -3.610842396664054599e-02 -2.520738475279229313e-02 4.706944285722197870e-03 1.485113598147258648e-03 -2.598484020921564691e-03 2.478663882132442486e-03 -6.487393161472876889e-03 -4.752366323096417948e-04 5.228198131052427464e-03 7.208913324865708940e-03 1.080547799696523863e-02 -6.272393970546123743e-03 -6.348092082822021434e-03
-1.591363354670737307e+00 -2.473904809337298172e+00 2.798636828086197709e-02 6.286104186619659306e-02 -1.333213390678308387e-02 -7.222985484347725638e-02 -1.815101628798952357e-02 -4.799884670508115098e-02 -3.612380667640981147e-02 -2.521477490068539662e-02 4.850901808582178988e-03 1.568470903350203428e-03 -2.596427875725297076e-03 2.548079166163890776e-03 -6.428874384743593975e-03 -6.072644841619739050e-04 5.194175485436471063e-03 7.227471607280543629e-03 1.076308166892939178e-02 -6.216360964531190796e-03 -6.176237470219890155e-03
-1.591321278980981191e+00 -2.473825774376762432e+00 2.793935985816809603e-02 6.264888061837668720e-02 -1.335303469000173951e-02 -7.229733252138008381e-02 -1.817989174977572078e-02 -4.799776839249006444e-02 -3.602362488040411481e-02 -2.509237301957241428e-02 4.842761399297875261e-03 1.567070394990977261e-03 -2.584835546206566692e-03 2.550976965159788400e-03 -6.467001458001970550e-03 -4.223251471097059064e-04 5.267024022564278062e-03 7.290752832416080680e-03 1.096316376867124444e-02 -6.277755570512303512e-03 -6.400028980094922201e-03
-1.591488683023863260e+00 -2.474085099185905356e+00 2.799910374102484306e-02 6.288210702916975647e-02 -1.334111982244363948e-02 -7.221279357898144347e-02 -1.818652715365140851e-02 -4.818223773181228714e-02 -3.609156510122762951e-02 -2.529485643096883452e-02 4.909820332434444191e-03 1.614679262830941197e-03 -2.533468650852181703e-03 2.600379481903882135e-03 -6.299954007892538156e-03 -5.867545719390110034e-04 5.176019065924539718e-03 7.267310716492514540e-03 1.083825970698573844e-02 -6.258474234664281044e-03 -6.259050702604882638e-03
-1.591451270340383806e+00 -2.474136743125867621e+00 2.810004529243394569e-02 6.326632228998453622e-02 -1.333094043461637186e-02 -7.221595117434635724e-02 -1.825895034248894988e-02 -4.869004787624615915e-02 -3.611093559756102522e-02 -2.531221502583414634e-02 5.120798085418508394e-03 1.638754140337947288e-03 -2.476768699583137799e-03 2.732864805000202128e-03 -6.183842697027926855e-03 -5.878112252031146611e-04 5.232645399102585360e-03 7.200106887640346162e-03 1.079580644232328544e-02 -6.326350014059621205e-03 -6.326240789897798547e-03
